Corrected_Strain Ht_.in. Ht_.cm. Yld_.bu.a. Yld_.kg.ha. Moisture Protein Oil Fiber X100_sdwt_.g.
IA3023 36 91.44 55.3 3718.93 6.62 31.43 20.84 4.9 7.9
TN05-3027 33 83.82 45.9 3086.78 7.1 32.99 19.87 4.84 13.61
DS11-02003 37 93.98 43.4 2918.65 7.07 32.34 20.77 4.84 13.04
DS11-02005 41 104.14 51.8 3483.55 7.1 32.42 20.37 4.8 15.19
DS11-02006 37 93.98 50.9 3423.03 7.27 31.03 20.57 4.96 13.24
DS11-02007 38 96.52 49.5 3328.88 7.3 31.75 20.51 4.89 13.47
DS11-02014 29 73.66 35.7 2400.83 7.3 32.53 20.05 4.87 13.38
DS11-02017 37 93.98 49.6 3335.6 7.29 33.58 19.35 4.84 13.41
DS11-02019 35 88.9 45.6 3066.6 7.28 32.32 20.87 4.72 15.13
DS11-02022 34 86.36 50.5 3396.13 7.29 32.15 20.66 4.8 15.59
DS11-02023 37 93.98 46.7 3140.58 7.29 32.65 19.22 4.96 11.2
DS11-02024 33 83.82 43.1 2898.48 7.17 33.51 19.92 4.77 12.38
DS11-02025 40 101.6 43.1 2898.48 7.15 33.25 19.29 4.9 12.63
DS11-02026 38 96.52 45.4 3053.15 7.13 31.11 20.17 4.92 13.12
DS11-02027 36 91.44 55.3 3718.93 7.11 31.57 20.98 4.84 14.82
DS11-02029 32 81.28 46.4 3120.4 7.32 32.39 20.52 4.8 14.36
DS11-02030 36 91.44 51.6 3470.1 7.18 32.14 20.02 4.94 12.66
DS11-02031 37 93.98 49.4 3322.15 7.11 34 19.63 4.77 14.73
DS11-02032 37 93.98 49.7 3342.33 6.9 32.35 20.9 4.78 13.9
DS11-02033 33 83.82 43.6 2932.1 6.87 31.7 20.92 4.83 13.67
DS11-02035 35 88.9 53.4 3591.15 7 33.12 20.46 4.74 14.3
DS11-02036 40 101.6 43.5 2925.38 7.16 30.01 20.68 4.97 12.4
DS11-02037 40 101.6 48.4 3254.9 7.21 31.52 20.37 4.91 14.47
DS11-02038 34 86.36 43 2891.75 7.35 33.24 20.12 4.77 14.73
DS11-02040 42 106.68 49 3295.25 7.6 32.94 19.71 4.84 13.47
DS11-02042 30 76.2 47.8 3214.55 7.42 31.91 20.26 4.91 13.75
DS11-02043 40 101.6 48.4 3254.9 7.42 31.83 20.31 4.9 13.15
DS11-02044 38 96.52 47.3 3180.93 7.49 32.13 21.12 4.73 15.5
4J105-3-4 31 78.74 41.4 2784.15 8.19 32.83 20.52 4.75 15.33
DS11-03003 33 83.82 54.7 3678.58 7.66 32.45 20.9 4.71 16.05
DS11-03004 38 96.52 59.1 3974.48 7.75 33.06 20.33 4.72 16.91
DS11-03005 40 101.6 57.8 3887.05 7.37 30.03 21.91 4.81 18.03
DS11-03006 28 71.12 41.2 2770.7 7.48 32.3 21.21 4.7 15.56
DS11-03007 30 76.2 52.4 3523.9 7.93 32.27 20.94 4.74 15.05
DS11-03008 38 96.52 51.4 3456.65 7.06 32.73 20.53 4.78 13.81
DS11-03009 33 83.82 54 3631.5 6.91 30.89 21.04 4.87 13.35
DS11-03010 33 83.82 45.3 3046.43 7 30.97 20.76 4.94 13.58
DS11-03011 26 66.04 42.4 2851.4 7.18 31.99 20.66 4.82 13.47
DS11-03012 33 83.82 55.6 3739.1 7.28 31.78 21.31 4.72 14.61
DS11-03013 40 101.6 54.9 3692.03 7.15 32.58 20.71 4.76 13.01
DS11-03014 36 91.44 65.4 4398.15 7.15 31.92 20.29 4.84 13.81
DS11-03015 35 88.9 50.7 3409.58 7.49 31.48 21.12 4.79 16.17
DS11-03016 32 81.28 39.4 2649.65 7.06 29.33 21.76 4.94 13.93
DS11-03017 29 73.66 46 3093.5 7.36 31.52 21.09 4.79 15.36
DS11-03018 24 60.96 41.1 2763.98 7.1 30.16 21.82 4.79 15.82
DS11-03019 36 91.44 58.6 3940.85 7.39 31.21 20.28 4.93 15.65
DS11-03020 35 88.9 62.5 4203.13 8.31 32.23 20.41 4.83 15.73
DS11-03021 34 86.36 55.2 3712.2 7.35 30.35 21.26 4.89 15.19
DS11-03022 33 83.82 53.9 3624.78 7.06 28.36 22.4 4.93 14.5
DS11-03023 28 71.12 40.8 2743.8 7.15 30.13 21.69 4.84 14.47
DS11-03024 34 86.36 53.2 3577.7 7.36 33.12 20.63 4.7 14.36
DS11-03025 32 81.28 55.1 3705.48 7.21 29.93 21.57 4.91 16.05
DS11-03026 31 78.74 49.2 3308.7 7.62 31.93 20.94 4.73 16.05
DS11-03027 29 73.66 52.1 3503.73 7.24 31.19 21.62 4.76 15.91
DS11-03029 31 78.74 49.3 3315.43 7.2 30.48 21.69 4.84 12.98
DS11-03030 33 83.82 54 3631.5 7.27 31.37 21.51 4.73 16.71
DS11-03031 32 81.28 66.8 4492.3 7.45 30.56 21.1 4.85 18.18
DS11-03032 37 93.98 63.6 4277.1 7.56 30.86 21.38 4.79 17.2
DS11-03034 26 66.04 44.8 3012.8 7.13 29.8 21.72 4.88 17.6
DS11-03036 37 93.98 64.3 4324.18 7.14 29.79 21.4 4.91 15.73
DS11-03037 35 88.9 55.3 3718.93 7.39 31.69 20.23 4.91 13.98
DS11-03038 30 76.2 49.9 3355.78 7.17 31.75 21.49 4.71 13.58
DS11-03039 32 81.28 44.1 2965.73 7.19 31.88 21.53 4.68 13.81
5M20-2-5-2 29 73.66 43.8 2945.55 7.78 31.87 20.11 4.85 14.24
DS11-04002 30 76.2 39.9 2683.28 7.62 30.94 20.35 4.92 12.52
DS11-04003 34 86.36 45 3026.25 7.64 31.54 20.26 4.91 13.27
DS11-04006 28 71.12 38.5 2589.13 7.39 29.73 21.49 4.91 14.9
DS11-04007 28 71.12 41 2757.25 7.52 31.35 20.78 4.87 13.15
DS11-04008 31 78.74 47.4 3187.65 7.35 29.57 21.33 4.97 14.96
DS11-04009 28 71.12 45 3026.25 7.53 32.3 20.44 4.78 15.13
DS11-04010 27 68.58 42.7 2871.58 7.38 29.84 21.45 4.94 14.79
DS11-04012 32 81.28 37.4 2515.15 7.49 30.65 20.4 4.94 13.98
DS11-04013 30 76.2 42.9 2885.03 7.43 30.19 21.13 4.93 12.35
DS11-04015 28 71.12 45.1 3032.98 7.85 31.88 19.52 4.98 14.41
DS11-04016 31 78.74 42.7 2871.58 7.33 28.52 21.5 5.02 14.7
DS11-04017 30 76.2 38.6 2595.85 7.59 30 21.16 4.97 13.93
DS11-04023 28 71.12 42.4 2851.4 7.38 28.45 21.75 4.99 16.34
DS11-04027 30 76.2 40.3 2710.18 7.27 28.55 21.27 5.1 13.21
DS11-04028 31 78.74 44.9 3019.53 7.41 30.85 20.73 4.91 15.45
DS11-04029 30 76.2 39.9 2683.28 7.48 30.89 20.69 4.91 12.63
DS11-04030 29 73.66 41.1 2763.98 7.18 31.18 20.56 4.94 12.2
DS11-04032 34 86.36 39.2 2636.2 6.81 29.98 20.75 5.06 11.97
DS11-04033 27 68.58 42 2824.5 7.01 29.64 21.65 4.9 14.59
DS11-04035 32 81.28 45.9 3086.78 7.19 28.68 21.08 5.09 14.47
DS11-04036 29 73.66 44.4 2985.9 7.26 28.96 20.92 5.07 13.75
DS11-04037 30 76.2 42.6 2864.85 7.49 30.03 20.93 4.98 13.41
DS11-04039 34 86.36 40.3 2710.18 7.38 29.04 21.63 4.99 13.9
DS11-04040 30 76.2 43 2891.75 7.31 31.76 20.76 4.85 15.96
DS11-04041 30 76.2 45.4 3053.15 7.47 29.73 20.74 5.03 14.44
DS11-04043 36 91.44 45.3 3046.43 7.7 32.96 19.56 4.86 14.56
DS11-04044 30 76.2 42.9 2885.03 7.45 30.18 20.89 4.97 13.44
DS11-04045 32 81.28 42.2 2837.95 7.41 29.22 21.26 5 12.89
DS11-04047 32 81.28 39 2622.75 7.58 30.06 20.07 5.09 12.81
DS11-04048 31 78.74 39.6 2663.1 7.55 29.22 20.86 5.04 13.15
DS11-04049 32 81.28 41.8 2811.05 7.45 29.3 21.31 5.03 12.92
DS11-04050 33 83.82 42.8 2878.3 7.49 31.47 20.1 4.93 13.98
DS11-04051 29 73.66 40.3 2710.18 7.45 29.02 21.29 5.08 12.49
DS11-04053 28 71.12 42.2 2837.95 7.42 29.99 21.25 4.9 14.73
CL0J095-4-6 33 83.82 47.5 3194.38 6.91 34.26 20.02 4.68 12.26
DS11-05001 30 76.2 29.7 1997.33 6.75 28.96 21.78 5.01 10.94
DS11-05002 29 73.66 37.2 2501.7 6.66 33.08 20.94 4.69 13.7
DS11-05004 32 81.28 30.5 2051.13 6.76 30.36 21.12 5.03 11.94
DS11-05006 28 71.12 33.9 2279.78 6.97 36.88 20.16 4.39 13.75
DS11-05007 34 86.36 41.8 2811.05 6.93 34.75 19.96 4.65 15.59
DS11-05008 25 63.5 35.5 2387.38 6.68 31.73 21.11 4.84 11.94
DS11-05009 26 66.04 32.7 2199.08 6.81 32.36 20.58 4.9 9.96
DS11-05010 32 81.28 35.1 2360.48 6.71 31.36 20.87 4.86 16.31
DS11-05011 27 68.58 40.1 2696.73 6.69 32.22 21.08 4.78 13.47
DS11-05012 27 68.58 34.7 2333.58 6.8 35.31 19.86 4.63 11.83
DS11-05013 33 83.82 39.2 2636.2 6.97 36.07 19.93 4.5 15.53
DS11-05015 26 66.04 39 2622.75 6.92 33.11 20.56 4.78 12.95
DS11-05016 28 71.12 33.8 2273.05 6.59 31.1 21.25 4.88 14.18
DS11-05017 28 71.12 33 2219.25 6.78 33.04 20.09 4.83 13.06
DS11-05018 28 71.12 43.9 2952.28 6.9 34.23 19.69 4.77 14.67
DS11-05021 29 73.66 37.9 2548.78 6.89 34.92 19.42 4.71 14.1
DS11-05023 28 71.12 34.4 2313.4 6.79 30.7 20.81 5.01 11.57
DS11-05025 33 83.82 39.4 2649.65 7.24 35.24 19.43 4.67 12.81
DS11-05027 32 81.28 35.1 2360.48 6.74 34.16 20.13 4.72 12.69
DS11-05028 26 66.04 38 2555.5 6.74 30.83 20.84 5.04 11
DS11-05029 29 73.66 28.2 1896.45 6.68 32.18 20.81 4.87 12.06
DS11-05030 29 73.66 38.4 2582.4 6.8 33.65 20.36 4.75 13.41
DS11-05035 30 76.2 46.5 3127.13 6.69 33.95 20.44 4.69 16.42
DS11-05036 28 71.12 40.2 2703.45 6.66 33.91 20.72 4.66 12.75
DS11-05037 28 71.12 35.6 2394.1 6.96 33.06 20.88 4.74 12.17
DS11-05039 24 60.96 30.2 2030.95 6.81 33.16 21.24 4.71 12.6
DS11-05040 30 76.2 36.7 2468.08 7.2 36.05 19.3 4.6 12.86
DS11-05041 32 81.28 41.3 2777.43 7.14 33.41 20.38 4.74 11.54
DS11-05042 31 78.74 36.3 2441.18 6.97 32.06 20.66 4.97 11.34
DS11-05043 30 76.2 35.7 2400.83 7.14 33.09 20.23 4.81 11.92
DS11-05044 27 68.58 38.9 2616.03 7.29 32.55 20.61 4.81 12.69
DS11-05046 25 63.5 32.8 2205.8 7.16 32.45 20.89 4.76 12.23
DS11-05047 30 76.2 39 2622.75 7.1 31.43 21.32 4.84 12.17
DS11-05048 28 71.12 38.1 2562.23 7.23 31.73 21.2 4.82 12.78
CL0J173-6-8 30 76.2 47 3160.75 7.61 35.08 19.18 4.69 13.38
DS11-06001 33 83.82 46.8 3147.3 7.38 32.86 20.19 4.83 11.71
DS11-06002 28 71.12 30.3 2037.68 8.08 33.21 20.02 4.78 12.78
DS11-06003 30 76.2 45.2 3039.7 7.32 31.2 20.7 4.9 14.9
DS11-06004 34 86.36 40.7 2737.08 8.06 34.97 19.18 4.74 13.09
DS11-06005 31 78.74 44.5 2992.63 6.91 32.5 20.75 4.82 13.12
DS11-06007 30 76.2 57.5 3866.88 6.91 34.9 20.05 4.62 15.59
DS11-06008 28 71.12 53.4 3591.15 7.04 34.54 19.85 4.66 16.42
DS11-06009 33 83.82 49.3 3315.43 7.28 34.46 19.58 4.7 15.1
DS11-06010 31 78.74 49.3 3315.43 7.06 34.5 19.85 4.67 14.82
DS11-06011 32 81.28 43.9 2952.28 7.16 33.27 20.71 4.69 15.48
DS11-06014 34 86.36 42.9 2885.03 7.09 33.1 20.17 4.78 14.21
DS11-06015 32 81.28 57 3833.25 7.01 32.67 20.29 4.83 15.07
DS11-06016 30 76.2 40 2690 7.2 34.59 19.27 4.78 12.09
DS11-06022 31 78.74 40.5 2723.63 7.28 33.56 19.55 4.8 14.5
DS11-06027 31 78.74 36 2421 7.27 33 20.59 4.72 13.64
DS11-06028 31 78.74 44.9 3019.53 7.2 33.52 20.12 4.75 12.98
DS11-06029 32 81.28 53 3564.25 7.08 30.51 21.32 4.84 16.42
DS11-06030 31 78.74 36 2421 7.23 32.12 20.79 4.81 14.21
DS11-06035 31 78.74 54.3 3651.68 7.23 32.95 20.17 4.77 16.94
DS11-06036 31 78.74 38.9 2616.03 7.19 32.95 20.47 4.78 12.83
DS11-06041 32 81.28 51.2 3443.2 7.31 33.13 19.83 4.8 16.02
DS11-06042 32 81.28 49.8 3349.05 7.3 33.38 19.77 4.81 15.13
DS11-06046 33 83.82 40.6 2730.35 7.16 32.97 19.66 4.87 12.89
DS11-06047 28 71.12 49.7 3342.33 7.07 32.82 20.68 4.73 15.48
DS11-06048 27 68.58 45.8 3080.05 6.73 31.38 21.01 4.84 12.98
HS6-3976 31 78.74 44.6 2999.35 7.77 36.63 18.63 4.62 14.41
DS11-08002 39 99.06 51.2 3443.2 7.65 33.99 19.32 4.82 12.58
DS11-08003 34 86.36 47.9 3221.28 7.7 34.1 19.97 4.68 12.35
DS11-08004 42 106.68 50.2 3375.95 7.59 34.02 19.63 4.76 14.39
DS11-08005 39 99.06 49 3295.25 7.88 33.89 19.7 4.77 12.58
DS11-08006 34 86.36 42.4 2851.4 7.46 32.56 20.41 4.85 12.46
DS11-08008 36 91.44 43.2 2905.2 7.8 32.85 20 4.86 12.17
DS11-08009 38 96.52 55.1 3705.48 7.57 34.2 19.44 4.78 13.64
DS11-08010 35 88.9 49.5 3328.88 7.56 33.45 20.02 4.79 12.6
DS11-08011 38 96.52 41.4 2784.15 7.7 34.41 20.15 4.68 15.5
DS11-08012 33 83.82 39.3 2642.93 7.29 33.23 20.9 4.69 14.36
DS11-08013 37 93.98 41.6 2797.6 7.53 33.81 19.7 4.82 12.52
DS11-08014 35 88.9 44.7 3006.08 7.3 33.5 20.18 4.77 13.12
DS11-08016 32 81.28 47.3 3180.93 7.36 33.86 19.57 4.78 14.64
DS11-08017 40 101.6 47.8 3214.55 7.18 33.29 19.88 4.85 12.92
DS11-08018 33 83.82 43.3 2911.93 7.16 35.7 19.4 4.65 13.04
DS11-08019 34 86.36 49.7 3342.33 6.96 31.92 20.45 4.89 14.47
DS11-08020 40 101.6 49.6 3335.6 7.92 35.18 18.89 4.76 13.5
DS11-08021 35 88.9 41.1 2763.98 7.29 33.37 20.62 4.72 13.58
DS11-08022 34 86.36 49.3 3315.43 7.43 33.51 19.89 4.77 13.09
DS11-08023 35 88.9 38 2555.5 7.45 33.98 19.78 4.75 11.4
DS11-08025 39 99.06 52.5 3530.63 7.59 34.6 18.93 4.81 13.12
DS11-08026 34 86.36 51.2 3443.2 7.54 33.02 20.02 4.79 15.13
DS11-08027 35 88.9 43.7 2938.83 7.59 34.05 19.77 4.75 12.35
DS11-08028 30 76.2 40.9 2750.53 7.55 34.19 19.89 4.7 13.78
DS11-08029 35 88.9 48.3 3248.18 7.73 35.51 19.27 4.65 13.78
DS11-08030 39 99.06 49.8 3349.05 7.69 33.11 20.29 4.78 12.72
DS11-08031 34 86.36 49.4 3322.15 7.53 32.46 20.82 4.78 13.72
DS11-08032 31 78.74 44.1 2965.73 7.63 34.47 20.04 4.66 13.09
DS11-08034 42 106.68 40.7 2737.08 7.73 34.8 19.44 4.74 14.64
DS11-08035 40 101.6 50 3362.5 7.73 34.46 19.32 4.75 13.29
DS11-08036 35 88.9 46.2 3106.95 7.63 32.38 20.19 4.9 12.69
DS11-08037 38 96.52 49.9 3355.78 7.69 32.51 19.81 4.9 12.81
DS11-08039 36 91.44 45.3 3046.43 7.53 32.42 21.01 4.72 14.56
DS11-08041 37 93.98 43.8 2945.55 7.6 33.55 20.22 4.76 11.92
Prohio 37 93.98 50 3362.5 6.75 36.49 19.26 4.56 13.75
DS11-09001 35 88.9 57.4 3860.15 6.56 32.64 21.25 4.74 13.38
DS11-09007 38 96.52 43.6 2932.1 6.84 35.26 19.67 4.65 13.64
DS11-09010 41 104.14 50.5 3396.13 6.8 34.6 20.05 4.68 15.05
DS11-09013 40 101.6 44.5 2992.63 6.58 33.93 20.79 4.68 12.66
DS11-09014 35 88.9 41.4 2784.15 6.81 33.68 20.57 4.71 12.06
DS11-09017 44 111.76 52.4 3523.9 6.65 32.93 20.23 4.86 13.72
DS11-09020 36 91.44 43.4 2918.65 6.52 32.58 21.06 4.77 13.87
DS11-09021 35 88.9 43.2 2905.2 6.69 34.79 19.29 4.75 12.81
DS11-09023 33 83.82 40.7 2737.08 6.49 31.69 21.42 4.84 14.01
DS11-09024 32 81.28 49.6 3335.6 6.5 33.74 20.26 4.79 12.43
DS11-09027 39 99.06 45.8 3080.05 6.76 34.22 20.78 4.61 14.33
DS11-09030 43 109.22 45.7 3073.33 6.63 34.25 20.55 4.65 15.13
DS11-09033 40 101.6 41.1 2763.98 6.7 37.14 18.99 4.49 14.61
DS11-09034 39 99.06 53.1 3570.98 6.54 32.68 21.01 4.77 14.04
DS11-09035 38 96.52 38.7 2602.58 6.57 34.97 19.94 4.67 13.64
DS11-09036 41 104.14 54.8 3685.3 6.54 33.52 20.17 4.76 14.9
DS11-09037 39 99.06 47.6 3201.1 6.42 32.78 20.57 4.86 13.58
DS11-09039 38 96.52 44.5 2992.63 6.4 31.43 21.32 4.89 13.58
DS11-09040 41 104.14 37.8 2542.05 6.57 34.14 19.87 4.82 10.65
DS11-09041 34 86.36 44.8 3012.8 6.58 34.12 19.72 4.81 11.23
DS11-09043 35 88.9 52 3497 6.44 31.7 20.96 4.88 13.61
DS11-09047 37 93.98 40.9 2750.53 6.62 32.66 20.56 4.82 14.18
DS11-09049 34 86.36 53.1 3570.98 6.33 33.97 20.32 4.75 13.61
DS11-09050 42 106.68 59.6 4008.1 6.28 34.01 20.54 4.69 16.05
DS11-09053 36 91.44 50.2 3375.95 6.19 34.07 19.87 4.8 12.38
DS11-09055 37 93.98 54.2 3644.95 6.68 34.32 20.37 4.65 14.18
DS11-09056 36 91.44 48.1 3234.73 6.89 33.84 19.71 4.81 11.74
DS11-09059 37 93.98 56 3766 6.86 34.37 19.77 4.73 14.96
DS11-09062 38 96.52 45 3026.25 6.78 31.63 21.22 4.84 14.61
DS11-09063 38 96.52 44.1 2965.73 6.95 33.86 19.53 4.84 13.78
DS11-09065 35 88.9 45.2 3039.7 7.1 34.68 19.82 4.7 13.41
DS11-09066 42 106.68 52.3 3517.18 6.99 32.46 20.06 4.93 12.55
DS11-09068 35 88.9 39.3 2642.93 6.93 33.59 19.89 4.85 12.89
DS11-09069 37 93.98 37.4 2515.15 6.95 33.43 20.54 4.76 12.4
DS11-09070 42 106.68 48.2 3241.45 6.94 34 20.12 4.73 13.5
LD00-3309 29 73.66 41 2757.25 7.16 34.63 19.3 4.75 11.92
DS11-10001 30 76.2 34.6 2326.85 7.08 34.49 19.06 4.85 12.69
DS11-10003 32 81.28 36 2421 6.75 33.4 20.98 4.71 12.98
DS11-10005 24 60.96 30.5 2051.13 6.78 33.38 20.27 4.85 11.14
DS11-10007 30 76.2 32.4 2178.9 6.43 32.45 20.78 4.88 11.37
DS11-10010 27 68.58 35.3 2373.93 6.48 33.55 20.17 4.79 14.36
DS11-10012 32 81.28 41.5 2790.88 6.75 33.23 20.68 4.75 13.95
DS11-10013 30 76.2 30.2 2030.95 6.54 33.87 20.09 4.78 13.35
DS11-10017 30 76.2 36.2 2434.45 6.52 32.72 21.4 4.72 13.15
DS11-10018 30 76.2 41.6 2797.6 6.71 33.34 20.08 4.81 14.64
DS11-10019 29 73.66 38.8 2609.3 6.85 33.94 20.04 4.76 14.36
DS11-10020 28 71.12 34.4 2313.4 6.67 33.55 20.36 4.8 11.2
DS11-10024 30 76.2 27.3 1835.93 6.82 32.7 20.2 4.93 11.6
DS11-10026 31 78.74 29.8 2004.05 6.7 32.93 20.55 4.85 12.17
DS11-10027 29 73.66 34.1 2293.23 6.74 32.95 20.94 4.72 14.1
DS11-10028 31 78.74 37.9 2548.78 6.77 32.19 20.36 4.95 12.81
DS11-10029 33 83.82 43.7 2938.83 6.82 33.16 20.34 4.8 12.09
DS11-10031 27 68.58 30.9 2078.03 6.68 31.36 21.14 4.9 12.81
DS11-10032 32 81.28 38.6 2595.85 6.82 33.2 20.24 4.85 13.41
DS11-10033 28 71.12 39.8 2676.55 6.74 33.16 20 4.87 12.32
DS11-10036 32 81.28 42.7 2871.58 6.78 33.25 20.37 4.82 11.43
DS11-10042 31 78.74 40.4 2716.9 6.87 33.37 19.58 4.9 13.87
DS11-10043 24 60.96 30.7 2064.58 6.87 34.25 19.79 4.78 12.58
DS11-10046 28 71.12 31.9 2145.28 6.99 34.18 19.85 4.75 9.3
DS11-10047 26 66.04 32.3 2172.18 6.78 33.76 20.38 4.76 11
DS11-10048 31 78.74 31.3 2104.93 6.66 33.08 20.04 4.92 10.28
DS11-10051 33 83.82 42.6 2864.85 6.9 34.92 18.82 4.8 12.23
DS11-10052 31 78.74 36.8 2474.8 6.63 33.21 20.68 4.81 12.09
DS11-10054 30 76.2 35.1 2360.48 6.88 31.73 21.44 4.74 12.86
DS11-10055 30 76.2 38.9 2616.03 6.61 33.03 20.35 4.84 12.52
DS11-10056 32 81.28 44.9 3019.53 6.78 32.92 20.09 4.89 15.16
DS11-10057 32 81.28 45.3 3046.43 6.63 32.43 19.82 4.95 14.7
DS11-10060 30 76.2 40.7 2737.08 6.47 31.85 21.69 4.76 13.09
DS11-10062 34 86.36 45.1 3032.98 6.6 33.09 20.83 4.75 13.9
DS11-10063 33 83.82 41.2 2770.7 6.5 34.36 20.35 4.67 14.36
DS11-10065 29 73.66 30.4 2044.4 6.47 33.67 19.57 4.92 10.05
LD01-5907 29 73.66 43.1 2898.48 6.49 32.06 20.66 4.84 12.95
DS11-11005 28 71.12 38.4 2582.4 6.55 34.09 19.65 4.82 14.36
DS11-11006 34 86.36 37.5 2521.88 6.64 32.94 19.76 4.93 12.35
DS11-11007 33 83.82 35.2 2367.2 6.57 31.73 20.39 4.99 12.81
DS11-11008 27 68.58 34.6 2326.85 6.38 32.1 20.43 4.96 12.78
DS11-11009 30 76.2 40.6 2730.35 6.72 33.91 19.46 4.81 11.6
DS11-11011 32 81.28 40.9 2750.53 6.47 31.92 20.32 4.89 11.77
DS11-11013 29 73.66 42.8 2878.3 6.53 33.03 20.34 4.88 13.29
DS11-11014 28 71.12 30.1 2024.23 6.52 31.93 20.52 4.9 10.25
DS11-11015 31 78.74 46.8 3147.3 6.47 32.64 20.59 4.83 13.9
DS11-11016 36 91.44 38.8 2609.3 6.41 32.78 19.94 4.92 12.98
DS11-11017 34 86.36 35.4 2380.65 6.43 34.13 19.43 4.85 10.42
DS11-11018 33 83.82 44.3 2979.18 6.46 33.48 19.97 4.82 14.07
DS11-11021 32 81.28 35.5 2387.38 6.32 32.43 21.07 4.84 11.92
DS11-11022 32 81.28 44.1 2965.73 6.53 33.28 20.37 4.79 12.81
DS11-11025 29 73.66 32.9 2212.53 5.92 33.07 19.95 4.95 11.46
DS11-11027 32 81.28 46 3093.5 6.06 32.68 19.86 4.93 12.4
DS11-11029 34 86.36 42.5 2858.13 5.96 31.9 20.71 4.91 12.86
DS11-11032 30 76.2 34.6 2326.85 6.1 33.82 20.15 4.83 11.66
DS11-11034 34 86.36 46.4 3120.4 6.25 33.28 19.78 4.9 10.74
DS11-11035 36 91.44 47.3 3180.93 6.32 33.61 19.5 4.91 13.24
DS11-11036 37 93.98 38.8 2609.3 6.51 33.95 19.27 4.87 11.63
DS11-11042 34 86.36 43.7 2938.83 6.41 32.55 20.11 4.93 13.15
DS11-11045 32 81.28 37.2 2501.7 6.35 35.49 19.43 4.63 12.35
DS11-11046 29 73.66 33.8 2273.05 6.3 31.42 20.85 5.02 11.51
DS11-11048 34 86.36 40.8 2743.8 6.41 32.36 20.86 4.84 11.92
DS11-11049 30 76.2 44.2 2972.45 6.35 32.57 20.16 4.89 12.46
DS11-11050 31 78.74 38 2555.5 6.5 32.29 20.35 4.93 13.78
DS11-11051 27 68.58 37 2488.25 6.46 32.44 19.91 4.97 12.03
DS11-11054 31 78.74 28.5 1916.63 6.54 32.38 19.87 5 12.23
DS11-11055 29 73.66 37.8 2542.05 6.35 30.68 21.14 4.98 13.93
DS11-11058 30 76.2 37.2 2501.7 6.51 31.01 20.32 5.09 13.38
DS11-11059 29 73.66 45.1 3032.98 6.37 31.51 21.55 4.85 12.35
DS11-11061 30 76.2 30.1 2024.23 6.42 32.97 20.77 4.83 13.04
DS11-11064 27 68.58 31.4 2111.65 6.52 32.91 19.39 4.96 12.15
LD02-4485 34 86.36 44.9 3019.53 6.01 30.98 21.32 4.86 14.33
DS11-12001 32 81.28 44.9 3019.53 6.09 31.34 21.22 4.88 13.27
DS11-12002 35 88.9 46.9 3154.03 6.2 32.62 20.4 4.94 14.76
DS11-12003 36 91.44 53.7 3611.33 6.52 31.61 21.25 4.84 14.53
DS11-12006 32 81.28 45.3 3046.43 6.15 32.07 21.28 4.79 13.52
DS11-12008 31 78.74 42.9 2885.03 6.19 30.24 21.52 4.94 13.7
DS11-12013 37 93.98 49.5 3328.88 6.3 32.06 20.85 4.91 11.6
DS11-12014 43 109.22 61.7 4149.33 6.86 30.99 21.23 4.86 15.91
DS11-12015 33 83.82 46.8 3147.3 6.29 33.21 21.07 4.71 13.98
DS11-12019 39 99.06 57.4 3860.15 6.29 30.58 21.38 4.95 12.78
DS11-12020 32 81.28 48 3228 6.36 31.92 20.91 4.82 16.62
DS11-12023 36 91.44 54.9 3692.03 6.26 30.65 21.22 4.94 13.67
DS11-12025 38 96.52 51.8 3483.55 6.29 30.81 21.44 4.93 11.86
DS11-12027 35 88.9 50.3 3382.68 6.23 30.99 21.57 4.88 15.02
DS11-12029 36 91.44 49.5 3328.88 6.23 31.75 20.93 4.87 11.92
DS11-12030 37 93.98 45.5 3059.88 6.3 32.84 20.78 4.79 13.78
DS11-12032 35 88.9 47.5 3194.38 6.04 31.85 21.71 4.78 14.47
DS11-12033 31 78.74 53.3 3584.43 6.21 32.38 20.81 4.82 14.39
DS11-12034 33 83.82 50.1 3369.23 6.24 33.17 21.57 4.65 13.78
DS11-12036 36 91.44 48 3228 6.49 32.34 20.64 4.84 13.09
DS11-12038 39 99.06 51.9 3490.28 6.56 32.53 21.78 4.63 14.13
DS11-12041 32 81.28 53.3 3584.43 6.45 32.25 21.09 4.82 14.84
DS11-12045 25 63.5 32.1 2158.73 6.84 31.56 21.54 4.81 13.06
DS11-12049 25 63.5 37.5 2521.88 6.65 29.64 21.7 4.96 13.27
DS11-12050 21 53.34 23.3 1566.93 6.84 32.09 21.4 4.76 13.9
DS11-12054 30 76.2 44.1 2965.73 6.68 32.08 20.94 4.83 14.01
DS11-12058 24 60.96 40.9 2750.53 6.6 31.83 21.29 4.81 12.75
DS11-12065 29 73.66 43.2 2905.2 6.45 32.33 20.93 4.79 15.99
DS11-12066 25 63.5 38.8 2609.3 6.44 29.95 21.94 4.9 13.78
DS11-12069 24 60.96 38.9 2616.03 6.66 29.25 21.72 5.02 13.18
DS11-12073 25 63.5 45 3026.25 6.83 31.2 21.39 4.82 14.21
DS11-12074 26 66.04 36.3 2441.18 6.97 30.45 20.75 5.04 12.43
DS11-12077 24 60.96 36.1 2427.73 6.84 27.94 21.85 5.09 13.78
DS11-12086 28 71.12 37.4 2515.15 6.82 29.36 21.5 5.02 12.66
LD02-9050 32 81.28 41 2757.25 6.72 32.95 19.9 4.86 14.18
DS11-13003 31 78.74 48.9 3288.53 6.79 31.29 21.29 4.81 15.07
DS11-13005 34 86.36 55.4 3725.65 6.66 32.48 20.38 4.87 15.05
DS11-13008 36 91.44 43 2891.75 6.65 33.13 20.52 4.77 15.3
DS11-13009 31 78.74 41.1 2763.98 6.39 32.16 20.66 4.87 13.24
DS11-13012 33 83.82 49.8 3349.05 6.35 31.76 20.19 4.93 16.25
DS11-13013 32 81.28 40.2 2703.45 6.39 31.35 20.62 4.95 15.02
DS11-13014 33 83.82 41.8 2811.05 6.63 32.41 20.88 4.76 15.13
DS11-13016 33 83.82 42.6 2864.85 6.4 32.19 20.27 4.93 13.06
DS11-13017 40 101.6 50.5 3396.13 6.43 32.33 20.29 4.88 14.47
DS11-13018 34 86.36 50.6 3402.85 6.37 31.51 20.73 4.97 12.98
DS11-13019 36 91.44 47.2 3174.2 6.5 32.79 20.73 4.76 14.33
DS11-13020 35 88.9 48.6 3268.35 6.51 32.72 20.72 4.78 15.28
DS11-13021 31 78.74 38.8 2609.3 6.73 33.57 19.48 4.84 13.09
DS11-13022 34 86.36 49 3295.25 6.56 31.57 20.49 4.94 14.99
DS11-13023 34 86.36 56.5 3799.63 6.51 31.08 20.94 4.95 16.19
DS11-13024 41 104.14 49.2 3308.7 6.53 31.67 20.58 4.92 14.33
DS11-13026 36 91.44 45.1 3032.98 6.49 31.83 20.74 4.93 13.78
DS11-13027 36 91.44 51.7 3476.83 6.59 31.17 21.55 4.78 16.25
DS11-13028 32 81.28 44.7 3006.08 6.47 30.78 20.63 5.03 14.5
DS11-13029 32 81.28 45.2 3039.7 7.59 33.12 19.74 4.85 15.79
DS11-13030 33 83.82 39.4 2649.65 6.5 31.57 20.31 4.98 14.04
DS11-13010 32 81.28 50.4 3389.4 6.89 31.33 20.93 4.87 15.68
DS11-13032 39 99.06 41.1 2763.98 6.41 31.05 20.03 5.15 12.46
DS11-13033 37 93.98 50.3 3382.68 6.46 30.54 20.92 5.03 13.72
DS11-13035 36 91.44 48 3228 6.73 31.87 20.67 4.81 15.94
DS11-13037 31 78.74 40.9 2750.53 6.57 32.9 20.22 4.82 15.85
DS11-13038 33 83.82 46.6 3133.85 6.47 31.72 20.49 4.94 13.29
DS11-13040 38 96.52 43.3 2911.93 6.45 32.58 20.4 4.85 13.5
DS11-13043 33 83.82 51.5 3463.38 6.96 31.98 20.92 4.83 15.88
DS11-13044 33 83.82 45.4 3053.15 6.52 33.64 20.58 4.69 13.87
DS11-13045 35 88.9 45 3026.25 6.27 31.44 21.08 4.89 14.33
DS11-13048 35 88.9 37.7 2535.33 6.14 30.85 20.91 5.03 11.77
Magellan 34 86.36 49 3295.25 6.99 35.23 18.93 4.71 14.04
DS11-14001 36 91.44 41.5 2790.88 6.78 33.23 20.11 4.8 14.47
DS11-14002 39 99.06 43.7 2938.83 6.81 33.71 19.64 4.81 13.18
DS11-14003 44 111.76 49.4 3322.15 6.93 35.45 18.78 4.72 16.14
DS11-14004 36 91.44 46.8 3147.3 7.38 33.24 19.79 4.83 16.11
DS11-14006 38 96.52 45.6 3066.6 7.1 33.35 19.84 4.78 15.1
DS11-14012 36 91.44 47.2 3174.2 6.52 32.52 20.23 4.89 12.72
DS11-14013 36 91.44 45.7 3073.33 6.5 33.76 19.62 4.8 14.13
DS11-14014 38 96.52 59.3 3987.93 6.73 35.51 19.13 4.67 18.18
DS11-14015 30 76.2 37.8 2542.05 6.55 33.35 20.11 4.79 14.64
DS11-14017 39 99.06 47.6 3201.1 6.58 34.15 19.65 4.77 13.52
DS11-14018 32 81.28 45.2 3039.7 6.35 33.13 19.84 4.9 16.71
DS11-14025 37 93.98 43.9 2952.28 6.4 33.21 20.19 4.8 16.71
DS11-14027 38 96.52 45.1 3032.98 6.05 32.47 19.69 4.99 14.04
DS11-14028 39 99.06 49.2 3308.7 6.72 33.37 19.43 4.84 15.28
DS11-14033 38 96.52 51.3 3449.93 6.53 33.08 19.89 4.87 15.1
DS11-14034 40 101.6 53.7 3611.33 6.72 31.16 20.85 4.91 15.39
DS11-14035 33 83.82 50.2 3375.95 6.84 34.07 19.54 4.77 16.97
DS11-14036 40 101.6 42.2 2837.95 6.65 30.81 21.29 4.92 13.93
DS11-14037 38 96.52 57.4 3860.15 6.95 34.02 18.52 4.86 14.73
DS11-14040 38 96.52 47.1 3167.48 6.86 32.76 20.14 4.86 14.53
DS11-14041 37 93.98 50.9 3423.03 6.94 32.85 19.61 4.86 15.53
DS11-14042 39 99.06 45.6 3066.6 6.81 32.04 20.59 4.9 15.16
DS11-14043 38 96.52 50.5 3396.13 6.99 33.15 20.18 4.79 14.7
DS11-14049 34 86.36 38.7 2602.58 6.92 31.85 20.3 4.89 13.27
DS11-14051 34 86.36 48.5 3261.63 6.78 32.48 20.93 4.78 15.02
DS11-14052 40 101.6 51.1 3436.48 6.95 34.17 19.84 4.72 14.5
DS11-14053 37 93.98 54.7 3678.58 6.81 33.04 19.82 4.82 15.02
DS11-14054 39 99.06 45.3 3046.43 6.77 33.08 19.8 4.87 15.62
DS11-14055 38 96.52 47.4 3187.65 6.81 32.27 20.58 4.83 15.91
DS11-14056 39 99.06 53.7 3611.33 6.87 35.34 18.95 4.71 16.68
DS11-14057 40 101.6 48.5 3261.63 7.06 35.3 19.87 4.56 16.95
DS11-14060 38 96.52 51.9 3490.28 7.07 35.95 19.38 4.58 15.5
Maverick 33 83.82 46.5 3127.13 6.45 32.91 20.22 4.83 12.46
DS11-15001 39 99.06 54.6 3671.85 6.33 30.08 21.41 4.98 11.83
DS11-15002 39 99.06 45.4 3053.15 6.54 32.61 20.77 4.78 15.96
DS11-15003 36 91.44 45.1 3032.98 6.52 31.97 20.88 4.82 12.89
DS11-15004 42 106.68 46.4 3120.4 6.57 31.51 19.98 5.01 11.63
DS11-15005 41 104.14 46.1 3100.23 6.56 32.39 20.72 4.84 12.03
DS11-15006 39 99.06 40.1 2696.73 6.48 31.98 21.11 4.87 12.78
DS11-15007 34 86.36 42.2 2837.95 6.49 34.93 19.37 4.72 12.26
DS11-15012 40 101.6 41.1 2763.98 6.45 32.48 20.4 4.86 13.12
DS11-15013 36 91.44 46 3093.5 6.51 32.4 20.3 4.86 14.18
DS11-15016 39 99.06 44.3 2979.18 6.51 31.6 20.4 4.93 13.27
DS11-15018 42 106.68 45.3 3046.43 6.72 33.28 20.19 4.81 13.61
DS11-15019 36 91.44 50.1 3369.23 6.67 32.82 20.05 4.79 15.65
DS11-15020 43 109.22 50.7 3409.58 6.56 31.9 19.94 4.99 11.63
DS11-15021 44 111.76 41.1 2763.98 6.54 31.55 19.5 5.05 13.04
DS11-15022 47 119.38 46.3 3113.68 6.21 31.32 21.69 4.84 14.18
DS11-15023 38 96.52 41.3 2777.43 6.43 32.64 20.57 4.82 11.86
DS11-15024 40 101.6 42.4 2851.4 6.3 31.34 20.56 5.01 11.57
DS11-15025 37 93.98 48.1 3234.73 6.35 30.84 20.16 5.06 11.11
DS11-15027 41 104.14 47.1 3167.48 6.31 30.48 21.57 4.97 14.01
DS11-15028 31 78.74 41.7 2804.33 6.4 32.66 20.05 4.94 12.12
DS11-15030 41 104.14 42.3 2844.68 6.28 32.6 20.88 4.76 14.1
DS11-15032 36 91.44 48.6 3268.35 6.3 32.71 20.3 4.82 14.07
DS11-15033 34 86.36 48 3228 6.24 33.39 20.87 4.72 15.1
DS11-15034 41 104.14 41.4 2784.15 6.2 35.06 19.45 4.71 12.89
DS11-15035 41 104.14 45.6 3066.6 6.12 31.86 21.04 4.83 14.21
DS11-15036 39 99.06 46.1 3100.23 6.46 32.22 20.63 4.86 12.52
DS11-15037 38 96.52 48.9 3288.53 6.86 32.21 19.89 4.9 12.72
DS11-15039 38 96.52 43.3 2911.93 6.75 32.92 20.91 4.7 15.16
DS11-15040 30 76.2 43.1 2898.48 6.75 31.92 20.96 4.79 14.61
DS11-15041 49 124.46 45.7 3073.33 6.92 31.32 20.86 4.87 12.83
DS11-15043 35 88.9 42.4 2851.4 6.78 31.3 20.96 4.87 11.26
DS11-15044 45 114.3 42.3 2844.68 6.75 30.11 21.23 5.03 11.46
DS11-15045 49 124.46 44.9 3019.53 6.8 31.48 20.68 4.92 11.69
DS11-15046 43 109.22 50.9 3423.03 6.74 32.24 21.24 4.7 16.51
DS11-17004 36 91.44 40.4 2716.9 6.27 30.68 21.44 4.95 13.44
DS11-17005 30 76.2 39.6 2663.1 6.23 32.35 21.19 4.8 13.21
DS11-17006 32 81.28 35.4 2380.65 6.21 31.22 21.32 4.91 14.07
DS11-17007 36 91.44 49.5 3328.88 6.28 34.78 18.99 4.79 16.02
DS11-17008 33 83.82 40.7 2737.08 6.71 36.05 18.79 4.7 13.84
DS11-17009 31 78.74 34.4 2313.4 6.31 33.79 19.73 4.83 12.98
DS11-17010 35 88.9 42 2824.5 6.32 33.4 20.06 4.86 11.26
DS11-17011 36 91.44 31.5 2118.38 6.45 32.93 20.9 4.72 14.16
DS11-17013 32 81.28 33 2219.25 6.29 31.86 20.7 4.92 12.49
DS11-17014 37 93.98 42.3 2844.68 6.5 34.23 20.2 4.68 14.3
DS11-17015 40 101.6 45.8 3080.05 6.4 33.69 19.91 4.79 13.5
DS11-17018 32 81.28 33.9 2279.78 6.28 32.1 20.9 4.85 12.6
DS11-17020 32 81.28 46.1 3100.23 6.44 33.45 20.56 4.75 13.61
DS11-17021 29 73.66 35.8 2407.55 6.38 31.1 20.88 4.93 11.77
DS11-17022 43 109.22 48.7 3275.08 6.31 33.82 19.17 4.91 14.07
DS11-17024 40 101.6 43.3 2911.93 6.27 30.77 20.94 4.98 13.01
DS11-17025 32 81.28 38.9 2616.03 6.34 32.33 20.56 4.91 13.06
DS11-17027 32 81.28 24.9 1674.53 6.4 33.06 20.18 4.9 11.94
DS11-17030 45 114.3 51.7 3476.83 7.05 33.5 19.96 4.78 16.54
DS11-17031 37 93.98 39.4 2649.65 6.35 33.23 20.22 4.82 12.06
DS11-17034 31 78.74 33.5 2252.88 6.39 33.47 20.09 4.79 13.44
DS11-17035 35 88.9 50.7 3409.58 6.46 33.21 20.29 4.78 14.36
DS11-17039 34 86.36 45.5 3059.88 6.14 33.52 20.34 4.79 12.75
DS11-17040 34 86.36 37.5 2521.88 6.25 31.41 20.63 4.99 12.98
DS11-17042 32 81.28 35.9 2414.28 6.54 30.9 21.02 4.89 13.44
DS11-17044 36 91.44 40.8 2743.8 6.4 32.55 20.77 4.76 15.62
DS11-17046 31 78.74 42.6 2864.85 6.15 31.7 21.29 4.83 14.79
DS11-17047 32 81.28 39.7 2669.83 6.21 32.77 20.75 4.84 13.21
DS11-17048 38 96.52 49.8 3349.05 6.24 33.86 19.32 4.89 13.18
DS11-17049 32 81.28 41.7 2804.33 6.08 32.66 20.31 4.88 14.1
DS11-17052 35 88.9 35.8 2407.55 6.68 32.21 20.68 4.87 12.75
DS11-17056 35 88.9 47.8 3214.55 6.01 32.6 20.29 4.91 13.93
DS11-17058 33 83.82 41.5 2790.88 6.09 32.01 20.64 4.94 12.63
DS11-17059 33 83.82 33.9 2279.78 6.12 32.99 20.21 4.9 13.44
DS11-17062 31 78.74 41.4 2784.15 6.01 31.17 20.35 5.09 11.92
Skylla 32 81.28 39.1 2629.48 6.65 31.2 21.53 4.82 15.42
DS11-22001 23 58.42 29.2 1963.7 6.78 32.45 20.43 4.86 13.67
DS11-22003 28 71.12 35.7 2400.83 6.52 31.37 21.75 4.77 16.57
DS11-22004 24 60.96 42.4 2851.4 6.94 32.32 20.87 4.77 14.84
DS11-22005 33 83.82 45.3 3046.43 6.53 31.67 21.68 4.72 17.92
DS11-22008 24 60.96 30.4 2044.4 6.4 29.7 21.87 4.97 13.98
DS11-22017 23 58.42 27.9 1876.28 6.15 31.83 21.72 4.74 15.57
DS11-22019 32 81.28 40.5 2723.63 5.88 31.6 21.59 4.77 15.71
DS11-22021 29 73.66 48.6 3268.35 6.62 31.42 20.5 4.94 16.33
DS11-22024 25 63.5 34.4 2313.4 6.56 30.42 22.01 4.84 14.21
DS11-22027 24 60.96 40.3 2710.18 6.76 32.51 21.08 4.74 15.71
DS11-22034 28 71.12 35.7 2400.83 6.65 31.39 21.81 4.77 15.02
DS11-22049 29 73.66 31.3 2104.93 6.64 33.07 21.63 4.62 14.18
DS11-22053 29 73.66 19.8 1331.55 6.09 31.89 21.34 4.81 17.48
DS11-22054 35 88.9 42.6 2864.85 6.36 32.5 20.86 4.83 14.7
DS11-22055 30 76.2 39.8 2676.55 6.45 31.98 21.4 4.78 14.76
DS11-22056 27 68.58 30.9 2078.03 6.67 33.35 20.33 4.77 13.52
DS11-22057 28 71.12 33.4 2246.15 6.4 31.48 20.93 4.92 13.93
DS11-22058 34 86.36 45 3026.25 6.48 32.46 20.76 4.85 13.78
DS11-22059 25 63.5 31.2 2098.2 6.4 33.21 20.18 4.83 13.64
DS11-22061 28 71.12 34.9 2347.03 6.48 32.44 20.36 4.88 13.35
DS11-22067 24 60.96 28.7 1930.08 6.31 32.37 20.83 4.84 15.05
DS11-22069 36 91.44 35.6 2394.1 6.49 33.28 20.58 4.76 14.53
DS11-22070 30 76.2 42.9 2885.03 6.35 31.24 21.39 4.83 15.36
DS11-22071 38 96.52 47 3160.75 7.06 33.34 20.66 4.73 14.56
DS11-22072 30 76.2 33.2 2232.7 6.44 32.48 20.94 4.78 13.75
DS11-22073 31 78.74 43.9 2952.28 6.5 31.46 20.54 4.95 13.35
DS11-22074 22 55.88 28.2 1896.45 6.42 33.93 20.32 4.72 16.05
DS11-22075 26 66.04 43 2891.75 6.19 31.14 21.54 4.84 12.92
DS11-22076 33 83.82 32 2152 6.39 30.06 21.38 4.94 14.13
DS11-22077 21 53.34 31.4 2111.65 6.37 33.19 20.45 4.83 14.21
DS11-22082 31 78.74 41.7 2804.33 6.39 31.77 21.38 4.77 15.42
DS11-22084 20 50.8 28.9 1943.53 6.13 32.07 21.42 4.77 15.3
DS11-22085 24 60.96 20.6 1385.35 6.03 31.02 21.88 4.82 15.05
DS11-23002 27 68.58 39.5 2656.38 6.31 33.01 21.36 4.7 14.39
DS11-23003 30 76.2 47.5 3194.38 6.41 33.03 20.59 4.78 13.7
DS11-23005 29 73.66 29.3 1970.43 6.37 32.35 21.49 4.71 11.94
DS11-23009 30 76.2 26.8 1802.3 6.38 31.79 21.19 4.89 11.8
DS11-23013 23 58.42 24.3 1634.18 6.26 33.08 21.47 4.73 13.7
DS11-23015 24 60.96 35.2 2367.2 6.3 31.5 21.29 4.87 12.89
DS11-23016 32 81.28 45.1 3032.98 6.24 31.94 21.25 4.87 14.64
DS11-23017 24 60.96 37.3 2508.43 6.23 33.66 21.47 4.6 13.67
DS11-23023 22 55.88 32.5 2185.63 6.37 34.05 21.1 4.58 13.35
DS11-23024 22 55.88 31.2 2098.2 6.03 32.69 21.17 4.76 14.61
DS11-23025 23 58.42 22 1479.5 6.36 33.61 21.32 4.61 13.04
DS11-23028 23 58.42 25.7 1728.33 6.61 32.93 21.55 4.64 13.44
DS11-23029 26 66.04 34 2286.5 6.71 33.65 20.82 4.69 14.41
DS11-23030 22 55.88 27.6 1856.1 6.86 34.86 20.93 4.5 18.5
DS11-23033 22 55.88 33.8 2273.05 6.59 32.22 21.79 4.69 11.83
DS11-23035 21 53.34 31.4 2111.65 6.53 31.99 22.18 4.65 14.41
DS11-23037 23 58.42 32 2152 6.73 30.38 22 4.8 15.33
DS11-23039 26 66.04 27.5 1849.38 6.56 27.26 22.22 5.14 10.74
DS11-23040 27 68.58 33.6 2259.6 6.54 27.67 22.09 5.12 11.74
DS11-23042 25 63.5 22.1 1486.23 6.55 28.53 21.99 5.08 10.19
DS11-23046 23 58.42 18.2 1223.95 6.5 29.43 22.29 4.86 12.66
DS11-23047 23 58.42 29.7 1997.33 6.45 30.24 21.39 4.97 12.17
DS11-23048 24 60.96 22.9 1540.03 6.23 31.39 21.55 4.81 13.5
DS11-23051 23 58.42 21.8 1466.05 6.15 30.19 21.88 4.93 11.03
DS11-23052 25 63.5 39 2622.75 6.55 29.41 21.52 5.03 12.66
DS11-23053 22 55.88 28 1883 6.6 29.23 22.03 4.96 12.89
DS11-23054 27 68.58 29.2 1963.7 6.65 32.88 21.09 4.74 14.01
DS11-23055 22 55.88 24.6 1654.35 6.59 29.78 21.94 4.92 12.75
DS11-23063 23 58.42 15 1008.75 7.07 30.8 21.6 4.84 11.37
DS11-23064 27 68.58 37 2488.25 6.87 28.9 21.89 4.99 12.12
DS11-23066 23 58.42 30 2017.5 6.67 29.34 22.08 4.97 11.34
DS11-23067 26 66.04 38.6 2595.85 6.63 28.66 22.06 5 13.18
DS11-23072 23 58.42 18.5 1244.13 6.52 28.82 22.47 4.91 13.7
LG03-2979 36 91.44 48.5 3261.63 6.58 35.1 19.85 4.64 11.69
DS11-24003 32 81.28 37.6 2528.6 6.56 33.81 20.41 4.72 12
DS11-24005 38 96.52 50.1 3369.23 6.32 34.1 20.05 4.76 12.75
DS11-24009 37 93.98 49.7 3342.33 6.2 33.12 20.08 4.89 11.77
DS11-24010 35 88.9 37.1 2494.98 6.51 33.27 19.66 4.87 11.8
DS11-24015 34 86.36 39.8 2676.55 6.54 32.79 19.98 4.89 13.15
DS11-24017 32 81.28 42.2 2837.95 6.52 33.38 19.89 4.85 12.26
DS11-24020 39 99.06 42.3 2844.68 6.56 34.11 20.76 4.66 13.21
DS11-24023 32 81.28 36.7 2468.08 6.75 35.8 18.71 4.69 12.12
DS11-24026 38 96.52 51 3429.75 6.56 32.97 20.51 4.84 13.93
DS11-24027 29 73.66 41.4 2784.15 6.66 35.2 19.72 4.64 11.17
DS11-24030 34 86.36 43.3 2911.93 6.49 31.79 21 4.88 12.03
DS11-24032 31 78.74 47.7 3207.83 6.68 33.25 20.91 4.7 14.93
DS11-24033 31 78.74 40.3 2710.18 6.5 31.64 21.23 4.82 13.52
DS11-24034 34 86.36 41.6 2797.6 6.75 36 19.03 4.63 13.27
DS11-24037 37 93.98 51 3429.75 6.58 32.88 20.43 4.81 12.32
DS11-24040 36 91.44 41.8 2811.05 6.44 31.21 21.18 4.91 13.21
DS11-24041 39 99.06 46.7 3140.58 6.35 33.15 20 4.89 11.97
DS11-24042 34 86.36 41.2 2770.7 6.26 32.67 20.32 4.88 13.47
DS11-24043 35 88.9 42.7 2871.58 6.1 33 20.48 4.9 11.86
DS11-24044 30 76.2 51.9 3490.28 6.44 31.51 21.26 4.82 15.85
DS11-24045 37 93.98 45.5 3059.88 6.42 30.78 21.55 4.87 13.41
DS11-24046 35 88.9 40.6 2730.35 6.34 30.35 21.74 4.9 11.89
DS11-24049 34 86.36 38.9 2616.03 6.4 30.34 21.57 4.89 14.84
DS11-24050 32 81.28 36.4 2447.9 6.5 33.09 20.28 4.83 12.72
DS11-24051 31 78.74 40 2690 6.55 29.94 19.85 5.24 9.79
DS11-24052 37 93.98 37.6 2528.6 6.45 32.31 21.46 4.72 16.71
DS11-24055 37 93.98 42.1 2831.23 6.48 29.59 21.25 5.03 12.2
DS11-24057 35 88.9 41.7 2804.33 6.52 31.63 20.5 5.01 11.57
DS11-24060 30 76.2 44.3 2979.18 6.22 30.48 21.49 4.93 14.04
DS11-24062 35 88.9 48.1 3234.73 6.36 30.57 21.38 4.88 12.12
DS11-24066 29 73.66 44.8 3012.8 6.69 31.33 20.43 4.97 11.34
DS11-24067 38 96.52 48.4 3254.9 6.26 32.02 20.83 4.87 13.95
DS11-24069 41 104.14 44.2 2972.45 6.61 30.74 20.43 5.02 12.98
DS11-24071 33 83.82 36.1 2427.73 6.18 33.02 20.12 4.82 11.74
DS11-24072 33 83.82 39.5 2656.38 6.51 31.8 20.87 4.86 13.32
LG03-3191 33 83.82 50.6 3402.85 7.64 35.83 18.5 4.72 14.04
DS11-25003 35 88.9 47.2 3174.2 7.41 34.59 20.19 4.68 14.53
DS11-25006 31 78.74 41.5 2790.88 6.83 34.35 18.96 4.83 11.28
DS11-25007 37 93.98 47.5 3194.38 6.66 32.72 20.75 4.8 13.64
DS11-25009 34 86.36 43.1 2898.48 6.82 33.68 20.6 4.7 12.29
DS11-25012 34 86.36 40.1 2696.73 7.06 33.32 20.59 4.72 15.07
DS11-25013 32 81.28 38.9 2616.03 6.77 34.6 19.67 4.7 11.71
DS11-25016 31 78.74 42.7 2871.58 7.01 34.6 19.03 4.8 11.94
DS11-25018 35 88.9 50.7 3409.58 6.85 33.07 19.97 4.82 12.23
DS11-25024 32 81.28 38.6 2595.85 6.85 33.45 20.21 4.74 14.27
DS11-25025 34 86.36 46.5 3127.13 6.52 32.1 20.97 4.85 12.2
DS11-25027 33 83.82 39.6 2663.1 6.65 33.27 20.09 4.79 13.52
DS11-25028 35 88.9 48 3228 6.27 33.47 20.46 4.75 13.32
DS11-25032 29 73.66 42.4 2851.4 6.5 33.04 21.41 4.64 15.16
DS11-25035 29 73.66 36.4 2447.9 6.59 34.37 21.03 4.57 13.95
DS11-25038 38 96.52 40.3 2710.18 6.93 33.26 19.35 4.94 11.31
DS11-25041 38 96.52 49.5 3328.88 6.96 32.94 19.94 4.87 12.2
DS11-25042 33 83.82 44.9 3019.53 6.93 35.86 19.79 4.55 15.02
DS11-25043 30 76.2 40.4 2716.9 6.72 33.22 21.24 4.67 13.21
DS11-25045 30 76.2 41 2757.25 6.98 32.53 20.43 4.79 13.04
DS11-25049 31 78.74 31.3 2104.93 6.73 35.06 19.98 4.62 12.06
DS11-25052 29 73.66 35.2 2367.2 6.64 34.53 21.06 4.53 14.99
DS11-25053 30 76.2 45.6 3066.6 6.69 32.84 21.22 4.74 14.24
DS11-25054 27 68.58 43.7 2938.83 6.94 33.4 20.5 4.73 15.05
DS11-25056 36 91.44 46.5 3127.13 6.92 32.75 20.28 4.82 15.62
DS11-25057 25 63.5 32.3 2172.18 6.76 32.32 20.64 4.84 12.75
DS11-25061 26 66.04 33.6 2259.6 6.55 31.14 21.69 4.8 13.15
DS11-25062 29 73.66 33.7 2266.33 6.52 32.28 20.53 4.88 11.63
DS11-25063 29 73.66 33 2219.25 6.51 32.18 21.18 4.79 13.84
DS11-25067 26 66.04 30.1 2024.23 6.68 33.22 21.36 4.62 17.43
DS11-25069 29 73.66 32.3 2172.18 6.18 30.57 21.82 4.87 14.41
DS11-25070 23 58.42 30.6 2057.85 6.5 31.63 21.28 4.8 14.39
DS11-25076 22 55.88 30.1 2024.23 6.96 32.37 21.01 4.74 14.64
DS11-25081 23 58.42 35.1 2360.48 6.49 30.27 21.57 4.93 14.41
LG04-4717 31 78.74 45.3 3046.43 6.22 32.82 20.25 4.79 12
DS11-26145 33 83.82 42 2824.5 6.16 32.21 21.04 4.8 13.29
DS11-26148 38 96.52 40 2690 6.3 32.27 20.53 4.87 12.17
DS11-26149 38 96.52 55.4 3725.65 6.35 31.25 20.76 4.95 13.93
DS11-26150 37 93.98 43.6 2932.1 6.39 32.03 20.83 4.85 14.07
DS11-26151 35 88.9 40.6 2730.35 6.45 32.18 20.92 4.81 13.21
DS11-26152 33 83.82 40.8 2743.8 6.63 32.12 20.98 4.78 13.04
DS11-26154 37 93.98 46.5 3127.13 6.34 33.38 19.86 4.87 12.92
DS11-26157 39 99.06 45.5 3059.88 6.27 31.8 20.58 4.89 13.98
DS11-26163 37 93.98 51.2 3443.2 6.33 32.31 20.13 4.96 11.17
DS11-26164 35 88.9 41 2757.25 6.35 33.06 20.8 4.72 15.28
DS11-26165 36 91.44 39.9 2683.28 6.25 31.42 20.58 4.95 12.12
DS11-26166 36 91.44 41.4 2784.15 6.33 33.29 20.34 4.83 12.72
DS11-26167 40 101.6 40.9 2750.53 6.4 33.95 19.33 4.84 10.74
DS11-26169 36 91.44 46.6 3133.85 6.23 31.02 20.88 4.89 12.49
DS11-26172 38 96.52 46.5 3127.13 6.21 31.73 20.94 4.86 12.86
DS11-26173 33 83.82 44.2 2972.45 6.32 33.37 20.57 4.72 14.3
DS11-26175 34 86.36 47.2 3174.2 6.35 32.55 20.6 4.82 12.89
DS11-26176 36 91.44 46.1 3100.23 7.44 33.38 20.46 4.76 14.87
DS11-26177 37 93.98 50.1 3369.23 6.34 33.06 20.47 4.79 12.83
DS11-26179 37 93.98 40.9 2750.53 6.55 33.4 19.8 4.8 13.01
DS11-26180 40 101.6 45.9 3086.78 6.51 32.43 20 4.92 11.51
DS11-26181 38 96.52 42.6 2864.85 6.53 32.61 20.96 4.72 14.16
DS11-26183 39 99.06 39.3 2642.93 6.92 34.02 19.86 4.75 12
DS11-26185 37 93.98 45.7 3073.33 6.56 31.52 21.16 4.8 13.93
LG05-4292 36 91.44 54.5 3665.13 6.77 34.31 19.78 4.71 14.44
DS11-27145 36 91.44 40.9 2750.53 6.86 33.3 20.48 4.73 15.68
DS11-27146 30 76.2 36.1 2427.73 6.87 32 20.96 4.82 13.09
DS11-27148 38 96.52 48.5 3261.63 6.66 31.26 20.69 4.91 13.27
DS11-27149 38 96.52 40.2 2703.45 6.49 33.79 20.13 4.77 14.1
DS11-27150 37 93.98 41.5 2790.88 6.86 32.78 20.36 4.84 12.43
DS11-27151 36 91.44 42.9 2885.03 6.39 32.54 20.47 4.84 14.61
DS11-27152 32 81.28 37.4 2515.15 6.33 31.82 21.16 4.79 15.53
DS11-27153 33 83.82 38.2 2568.95 6.44 33.48 20.29 4.76 13.32
DS11-27158 33 83.82 29.4 1977.15 6.48 31.19 21.27 4.9 14.39
DS11-27159 34 86.36 49.6 3335.6 6.59 32.07 21.13 4.79 14.79
DS11-27160 34 86.36 34.6 2326.85 6.65 32.99 19.98 4.87 15.42
DS11-27162 33 83.82 35.8 2407.55 6.65 33.57 20.07 4.76 13.58
DS11-27163 34 86.36 36.6 2461.35 7.04 33.89 19.66 4.79 13.61
DS11-27164 34 86.36 38.1 2562.23 6.66 33.41 20.41 4.75 14.61
DS11-27168 35 88.9 44.3 2979.18 6.79 34.04 19.42 4.88 12.83
DS11-27169 37 93.98 48.9 3288.53 6.53 30.54 20.76 5.04 12.78
DS11-27170 35 88.9 45.7 3073.33 6.53 31.91 20.78 4.86 14.73
DS11-27171 33 83.82 41.2 2770.7 6.71 34.53 19.38 4.76 13.09
DS11-27172 33 83.82 38.4 2582.4 6.69 33.77 20.26 4.77 13.21
DS11-27173 38 96.52 45 3026.25 6.63 33.48 20.25 4.78 14.53
DS11-27174 30 76.2 36.9 2481.53 6.66 33.03 20.89 4.73 15.25
DS11-27175 31 78.74 31.5 2118.38 6.67 32.07 20.55 4.9 12.98
DS11-27176 30 76.2 39.3 2642.93 6.72 33.6 20.39 4.74 13.38
DS11-27177 36 91.44 44.8 3012.8 6.74 33.06 20.16 4.8 16.85
DS11-27178 32 81.28 37 2488.25 6.78 33.66 20.27 4.74 13.04
DS11-27179 34 86.36 36.7 2468.08 6.82 34.16 19.24 4.81 13.87
DS11-27180 35 88.9 35.3 2373.93 6.67 33.68 20.45 4.72 12.29
DS11-27181 31 78.74 41.4 2784.15 5.67 34.46 21.38 4.63 14.36
DS11-27182 38 96.52 46.7 3140.58 6.56 32.22 20.41 4.88 13.52
DS11-27183 35 88.9 45.3 3046.43 6.61 32.4 20.59 4.81 13.32
DS11-27184 36 91.44 40.5 2723.63 6.68 33.42 19.63 4.86 12.95
LG05-4317 33 83.82 45.2 3039.7 6.76 34 20.7 4.65 14.61
DS11-28105 41 104.14 42.5 2858.13 6.8 32.48 19.72 4.93 14.61
DS11-28108 38 96.52 51 3429.75 6.65 30.66 20.78 4.98 14.96
DS11-28109 36 91.44 45.4 3053.15 6.76 33.55 20.89 4.69 14.79
DS11-28112 36 91.44 52.1 3503.73 6.75 31.38 21.44 4.75 16.83
DS11-28114 32 81.28 48 3228 6.55 33 20.96 4.72 14.3
DS11-28116 36 91.44 48.3 3248.18 6.69 31.86 20.8 4.82 13.87
DS11-28117 36 91.44 46 3093.5 6.6 31.55 20.62 4.92 17.57
DS11-28119 44 111.76 48.9 3288.53 6.63 33.39 19.91 4.83 13.7
DS11-28122 33 83.82 54.9 3692.03 6.58 32.57 20.81 4.76 16.02
DS11-28126 37 93.98 50.3 3382.68 6.88 32.13 21.3 4.71 15.62
DS11-28128 38 96.52 42.4 2851.4 6.44 31.74 20.87 4.87 14.99
DS11-28130 42 106.68 44.2 2972.45 6.49 32.69 20.28 4.89 13.7
DS11-28131 37 93.98 51.7 3476.83 6.22 31.23 21.25 4.8 16.14
DS11-28132 39 99.06 43.5 2925.38 6.36 33.54 19.78 4.85 12.46
DS11-28133 32 81.28 53.8 3618.05 6.12 33.13 20.08 4.86 14.5
DS11-28135 34 86.36 49.1 3301.98 6.7 32.64 20.73 4.76 16.54
DS11-28136 36 91.44 38.3 2575.68 6.65 32.69 20.2 4.84 13.24
DS11-28137 37 93.98 57.2 3846.7 6.68 32.36 21.02 4.77 14.36
DS11-28138 33 83.82 61.4 4129.15 6.67 32.31 21.63 4.67 16.51
DS11-28139 44 111.76 48.7 3275.08 6.75 32.92 20.41 4.82 13.12
DS11-28140 41 104.14 50.1 3369.23 6.81 32.95 20.11 4.81 15.3
DS11-28141 36 91.44 47.9 3221.28 6.68 30.31 21.34 4.85 15.16
DS11-28143 34 86.36 40.5 2723.63 6.74 31.33 21.57 4.78 16.54
DS11-28144 33 83.82 35.9 2414.28 6.75 32.19 20.88 4.84 11.23
DS11-28145 38 96.52 47.5 3194.38 6.88 32.24 20.63 4.83 12.63
DS11-28146 38 96.52 44.8 3012.8 7.36 31.61 20.71 4.87 13.27
DS11-28149 35 88.9 49.5 3328.88 7.05 33.16 20.55 4.73 19.27
DS11-28150 40 101.6 46.2 3106.95 6.82 31.12 20.55 5 12.32
DS11-28151 38 96.52 49.1 3301.98 6.97 34.13 19.77 4.76 14.56
DS11-28152 38 96.52 43.2 2905.2 6.76 33.35 20.39 4.76 15.36
DS11-28153 43 109.22 47.8 3214.55 6.79 33.16 20.82 4.73 14.87
DS11-28155 42 106.68 43.7 2938.83 6.85 32.48 20.18 4.88 13.18
DS11-28156 32 81.28 50.4 3389.4 6.78 32.23 20.41 4.87 13.18
DS11-28158 32 81.28 43 2891.75 6.78 33.46 20.96 4.66 16.22
LG05-4464 32 81.28 51.5 3463.38 6.22 33.46 20.99 4.69 13.87
DS11-29005 31 78.74 44.8 3012.8 6.6 30.92 21.49 4.86 15.02
DS11-29009 37 93.98 54.8 3685.3 6.37 30.63 21.4 4.92 13.12
DS11-29010 23 58.42 23.3 1566.93 6.37 31.46 21.45 4.82 13.27
DS11-29011 37 93.98 48.1 3234.73 6.33 32.16 21.16 4.79 15.96
DS11-29012 27 68.58 45.2 3039.7 6.3 32.24 21.06 4.81 13.95
DS11-29013 27 68.58 44.9 3019.53 6.38 35.08 20.46 4.54 17.15
DS11-29014 30 76.2 46.8 3147.3 6.26 31.42 21.39 4.82 14.61
DS11-29017 36 91.44 48.7 3275.08 6.29 31.94 21.24 4.77 14.99
DS11-29020 28 71.12 45.1 3032.98 6.36 31.72 21.46 4.79 13.32
DS11-29033 36 91.44 50.3 3382.68 6.32 34.12 20.51 4.67 13.44
DS11-29035 35 88.9 40.9 2750.53 6.22 32.58 21.16 4.82 13.93
DS11-29040 34 86.36 47.1 3167.48 6.22 33.03 20.45 4.85 15.73
DS11-29044 32 81.28 37.3 2508.43 6.21 32.62 21.07 4.81 13.72
DS11-29053 29 73.66 41.1 2763.98 6.02 32.63 20.83 4.84 15.68
DS11-29054 28 71.12 39.8 2676.55 6.07 32.76 20.8 4.78 17.08
DS11-29070 35 88.9 56.4 3792.9 5.98 31.74 21.61 4.74 16.57
DS11-29071 33 83.82 40.4 2716.9 6.02 32.37 21.06 4.87 12.58
DS11-29073 34 86.36 46 3093.5 5.9 30.66 21.37 4.91 16.54
DS11-29074 32 81.28 33.8 2273.05 6.57 34.23 20.49 4.7 13.61
DS11-29078 42 106.68 51.1 3436.48 6.63 31.57 21.14 4.8 16.83
DS11-29080 32 81.28 49.2 3308.7 6.62 32.92 21.17 4.71 15.19
DS11-29081 29 73.66 49.9 3355.78 6.58 33.01 21.78 4.64 15.22
DS11-29082 30 76.2 39.6 2663.1 6.64 34.04 20.93 4.6 16.42
DS11-29084 31 78.74 44 2959 6.58 32.99 21.38 4.67 15.59
DS11-29087 32 81.28 48.2 3241.45 6.52 31.78 21.23 4.82 14.59
DS11-29088 33 83.82 41.9 2817.78 6.39 29.13 22.1 4.95 12.98
DS11-29129 31 78.74 43.1 2898.48 6.28 31.3 21.46 4.83 14.73
DS11-29146 32 81.28 44.2 2972.45 6.73 31.12 21.36 4.83 17.11
DS11-29155 33 83.82 46.6 3133.85 6.67 32.19 21.12 4.77 15.39
DS11-29161 28 71.12 40.1 2696.73 6.49 30.53 22.12 4.82 15.68
DS11-29162 28 71.12 38.3 2575.68 6.81 32.43 21.41 4.67 18.29
DS11-29166 32 81.28 40.6 2730.35 6.53 28.99 22.09 4.93 14.44
DS11-29170 30 76.2 49.5 3328.88 6.63 31.71 20.98 4.85 15.62
LG05-4832 29 73.66 40.7 2737.08 6.6 31.65 20.07 5.02 12.83
DS11-30002 31 78.74 37 2488.25 6.51 31.16 20.79 4.95 13.41
DS11-30003 32 81.28 42.3 2844.68 6.47 33.22 20.47 4.78 16.08
DS11-30004 28 71.12 42.4 2851.4 6.35 32.94 19.65 4.93 13.87
DS11-30005 30 76.2 37.3 2508.43 6.12 30.15 20.53 5.07 13.78
DS11-30006 29 73.66 35.9 2414.28 6.53 29.85 21.46 4.95 14.33
DS11-30007 29 73.66 35.5 2387.38 7 31.05 20.82 4.96 12.86
DS11-30008 29 73.66 39.7 2669.83 6.65 31.75 20.21 4.98 13.01
DS11-30011 33 83.82 35.4 2380.65 6.63 30.2 20.56 5.11 12.58
DS11-30012 31 78.74 42.3 2844.68 7.08 31.67 20.04 4.89 13.01
DS11-30020 32 81.28 39.8 2676.55 6.67 28.35 21.31 5.18 11.63
DS11-30029 34 86.36 33.5 2252.88 6.63 29.8 20.93 5.03 13.5
DS11-30047 32 81.28 34.5 2320.13 6.65 29.99 21.19 5.01 12.58
DS11-30049 33 83.82 41.1 2763.98 6.83 31.67 20.34 4.93 12.52
DS11-30050 30 76.2 38 2555.5 6.79 30.77 20.95 4.93 14.84
DS11-30051 33 83.82 37.9 2548.78 6.77 33.19 19.7 4.87 15.48
DS11-30053 31 78.74 43.5 2925.38 6.59 29.82 21.28 4.97 14.21
DS11-30054 31 78.74 41.4 2784.15 6.73 30.99 21.14 4.84 17.06
DS11-30055 35 88.9 50.2 3375.95 7 32.04 20.92 4.79 18.06
DS11-30060 36 91.44 40.6 2730.35 6.71 31.59 20.98 4.88 15.19
DS11-30061 35 88.9 36.1 2427.73 6.81 32.26 20.32 4.88 13.78
DS11-30062 34 86.36 38 2555.5 6.71 31.02 20.72 5.01 12.58
DS11-30063 37 93.98 47 3160.75 6.73 30.63 20.5 5.03 13.38
DS11-30065 37 93.98 39.3 2642.93 6.77 31.9 19.21 5.08 11.28
DS11-30066 26 66.04 28.2 1896.45 6.58 31.77 21.56 4.77 15.56
DS11-30068 33 83.82 40.8 2743.8 6.6 30.18 20.58 5.09 13.01
DS11-30071 24 60.96 32 2152 6.62 29.59 21.43 4.97 14.13
DS11-30072 32 81.28 37.6 2528.6 6.67 31.72 20.77 4.86 14.7
DS11-30073 35 88.9 38.4 2582.4 6.49 30.8 20.97 4.94 12.75
DS11-30074 29 73.66 40.6 2730.35 6.49 29 20.99 5.14 12.17
DS11-30075 28 71.12 31.7 2131.83 6.46 30.04 21.37 4.98 12.89
DS11-30076 28 71.12 38.5 2589.13 6.44 29.76 20.84 5.01 14.96
DS11-30078 25 63.5 32.9 2212.53 6.45 30.93 20.53 5.02 13.35
DS11-30086 33 83.82 44.9 3019.53 6.73 31.93 20.57 4.92 13.24
DS11-30091 29 73.66 42.7 2871.58 6.14 32.02 20.83 4.88 14.33
DS11-30092 35 88.9 44.2 2972.45 6.02 31.19 20.94 4.95 15.5
LG90-2550 29 73.66 43.4 2918.65 6.68 32.85 19.6 4.92 13.01
DS11-31008 26 66.04 33.1 2225.98 6.52 30.73 20.62 5.04 13.9
DS11-31013 26 66.04 33.9 2279.78 6.24 32.39 20.25 4.87 14.64
DS11-31014 23 58.42 40.7 2737.08 6.43 32.57 20 4.92 13.52
DS11-31015 27 68.58 33 2219.25 6.42 32.11 19.61 5.04 10.82
DS11-31020 24 60.96 36.3 2441.18 6.15 33.05 21.13 4.7 17.29
DS11-31039 22 55.88 28.2 1896.45 6.76 32.62 21.03 4.77 13.41
DS11-31042 24 60.96 35.7 2400.83 6.78 29.76 21.25 4.98 13.84
DS11-31044 26 66.04 33.5 2252.88 6.76 31.87 21.2 4.82 15.3
DS11-31047 25 63.5 37.7 2535.33 6.78 32.7 20.06 4.88 12.72
DS11-31053 27 68.58 38 2555.5 6.76 34.6 19.73 4.7 16.62
DS11-31055 25 63.5 39.8 2676.55 6.87 32.27 20.27 4.86 15.05
DS11-31062 19 48.26 29.6 1990.6 6.89 32.52 20.74 4.74 17.26
DS11-31063 27 68.58 37.1 2494.98 6.73 31.37 20.54 4.95 12.92
DS11-31067 21 53.34 32.6 2192.35 6.41 31.01 20.6 4.98 12.78
DS11-31070 22 55.88 34.1 2293.23 6.08 28.06 21.69 5.11 11.97
DS11-31076 24 60.96 30 2017.5 6.7 29.76 20.89 5.02 12.32
DS11-31080 25 63.5 32.9 2212.53 6.69 31.31 20.39 4.98 12.98
DS11-31082 27 68.58 36 2421 6.65 30.87 20.81 4.94 12.17
DS11-31083 25 63.5 30.9 2078.03 6.76 31.52 21.21 4.86 13.06
DS11-31091 23 58.42 28.2 1896.45 6.76 28.57 20.8 5.19 11.92
DS11-31092 28 71.12 37.4 2515.15 6.54 28.85 21.79 5.02 12.63
DS11-31095 23 58.42 30 2017.5 6.5 30.41 21.51 4.9 16.25
DS11-31097 22 55.88 32.4 2178.9 6.59 32.71 20.87 4.76 14.39
DS11-31098 24 60.96 31.3 2104.93 6.78 31.27 20.18 4.99 13.09
DS11-31102 19 48.26 29.5 1983.88 6.44 30.22 20.78 5.03 13.32
DS11-31103 18 45.72 30.1 2024.23 6.27 29.86 21.73 4.98 13.52
DS11-31104 22 55.88 33 2219.25 6.4 32.95 20.53 4.78 15.02
DS11-31105 26 66.04 38.5 2589.13 6.38 30.38 21.44 4.9 12.69
DS11-31106 27 68.58 33 2219.25 6.37 32.37 20.81 4.85 14.56
DS11-31108 19 48.26 26.9 1809.03 6.15 29.32 21.82 5.04 12.38
DS11-31110 23 58.42 31.8 2138.55 6.17 32.27 20.35 4.96 12.03
DS11-31111 27 68.58 28.3 1903.18 6.22 30.56 20.6 5.07 13.18
LG92-1255 29 73.66 49.4 3322.15 6 32.09 21.51 4.77 14.76
DS11-32002 30 76.2 38.4 2582.4 5.96 30.81 21.59 4.89 13.47
DS11-32003 31 78.74 33.5 2252.88 5.83 30.38 21.47 5.01 13.04
DS11-32007 32 81.28 39.9 2683.28 6.73 31.76 20.85 4.91 12.81
DS11-32008 28 71.12 37.1 2494.98 6.87 32.24 21.12 4.75 16.34
DS11-32011 28 71.12 40.6 2730.35 5.72 30.52 21.78 4.93 15.05
DS11-32014 26 66.04 33 2219.25 5.83 31.84 21.18 4.84 15.62
DS11-32019 34 86.36 45.3 3046.43 5.77 31.24 21.44 4.91 12.2
DS11-32020 36 91.44 43 2891.75 5.99 30.3 21.36 4.96 12.46
DS11-32021 29 73.66 38.8 2609.3 5.79 31.19 21.05 5 13.44
DS11-32022 33 83.82 41.3 2777.43 5.73 31.69 21.49 4.83 15.68
DS11-32024 30 76.2 34.9 2347.03 5.79 30.95 21.7 4.84 14.39
DS11-32026 31 78.74 36.8 2474.8 5.81 32.42 21.21 4.82 13.72
DS11-32029 27 68.58 34.7 2333.58 5.62 31.58 21.26 4.89 16.11
DS11-32031 28 71.12 32.8 2205.8 6.27 31.05 21.41 4.85 14.87
DS11-32032 31 78.74 40.1 2696.73 6.31 31.02 21.64 4.8 14.36
DS11-32034 29 73.66 41.5 2790.88 6.21 32.1 21.38 4.73 17.17
DS11-32039 31 78.74 40.7 2737.08 6.06 30.39 21.85 4.92 13.27
DS11-32041 30 76.2 39.1 2629.48 6.6 34.47 20.75 4.57 14.61
DS11-32043 33 83.82 34.3 2306.68 6.3 34.05 20.47 4.71 14.56
DS11-32045 35 88.9 42.9 2885.03 6.15 32.9 21.63 4.66 15.94
DS11-32048 34 86.36 41 2757.25 6.2 33.62 21.11 4.67 15.05
DS11-32049 31 78.74 48.2 3241.45 6.19 33.4 21.23 4.65 16.25
DS11-32050 38 96.52 39.5 2656.38 6.24 34.27 21.18 4.58 14.04
DS11-32051 35 88.9 44.1 2965.73 6.61 34.24 20.98 4.59 15.88
DS11-32053 34 86.36 38.3 2575.68 6.12 34.13 20.33 4.71 13.18
DS11-32057 32 81.28 37.1 2494.98 5.75 32.94 20.91 4.81 12.98
DS11-32059 35 88.9 37 2488.25 6.43 33.88 20.79 4.63 16.28
DS11-32060 37 93.98 42 2824.5 6.52 34.88 20.28 4.62 14.24
DS11-32063 30 76.2 41.9 2817.78 6.4 33.56 21.54 4.59 15.73
DS11-32064 31 78.74 38.2 2568.95 6.41 32.8 21.2 4.74 13.32
DS11-32066 29 73.66 38.5 2589.13 6.51 33.38 21.03 4.7 14.3
DS11-32068 37 93.98 41.9 2817.78 6.49 34.14 20.79 4.65 14.1
DS11-32073 33 83.82 45.5 3059.88 7.12 34.98 20.69 4.55 15.96
DS11-32075 33 83.82 37.6 2528.6 6.53 34.97 20.52 4.58 14.79
DS11-32076 36 91.44 41.7 2804.33 7.15 34.57 19.56 4.77 13.06
LG94-1128 30 76.2 44 2959 6.22 34.64 20.05 4.68 12.63
DS11-33007 30 76.2 32.8 2205.8 6.17 35.52 19.99 4.56 15.25
DS11-33009 32 81.28 37.6 2528.6 6.04 34.94 19.98 4.66 12.6
DS11-33011 31 78.74 42.7 2871.58 5.98 36.31 19.54 4.54 15.91
DS11-33014 23 58.42 18.2 1223.95 6.24 35.07 20.83 4.52 15.36
DS11-33026 30 76.2 37.2 2501.7 6.38 36.14 19.3 4.58 13.81
DS11-33028 27 68.58 35.1 2360.48 6.31 34.6 20.62 4.59 14.3
DS11-33034 28 71.12 21.9 1472.78 6.45 34.49 19.96 4.71 13.61
DS11-33036 26 66.04 34.8 2340.3 6.24 32.81 21.19 4.79 14.1
DS11-33043 25 63.5 36.3 2441.18 6.19 33.45 21.35 4.62 15.65
DS11-33049 29 73.66 31.7 2131.83 6.25 34.72 20 4.67 12.89
DS11-33050 28 71.12 34.1 2293.23 6.2 34.01 20.68 4.69 18.26
DS11-33051 29 73.66 30.1 2024.23 6.27 36.34 19.83 4.5 15.16
DS11-33054 28 71.12 35.1 2360.48 6.23 34.65 20.54 4.63 14.93
DS11-33057 31 78.74 38.8 2609.3 6.36 35.1 20.82 4.52 16.57
DS11-33073 29 73.66 31.5 2118.38 5.97 34.36 20.99 4.61 11.8
DS11-33081 29 73.66 37.6 2528.6 5.73 32.41 21.72 4.7 14.64
DS11-33083 28 71.12 33.3 2239.43 6.13 33.44 20.61 4.78 12.78
DS11-33085 28 71.12 37.1 2494.98 6.24 32.89 20.97 4.74 14.07
DS11-33086 32 81.28 29.3 1970.43 6.26 34.91 20.33 4.59 16.57
DS11-33087 31 78.74 38.8 2609.3 6.19 34.57 19.94 4.71 12.26
DS11-33088 36 91.44 42.5 2858.13 6.22 35.02 20.26 4.58 13.81
DS11-33094 31 78.74 37.5 2521.88 6.2 34.38 19.58 4.75 14.21
DS11-33106 27 68.58 42.2 2837.95 5.98 32.45 21.12 4.83 11.54
DS11-33108 30 76.2 32.3 2172.18 5.92 32.54 20.72 4.87 11.89
DS11-33109 37 93.98 42.6 2864.85 6.11 32.48 21.02 4.77 14.56
DS11-33110 33 83.82 36.6 2461.35 6.17 32.89 19.48 4.97 12.03
DS11-33115 30 76.2 34.1 2293.23 6.06 33.12 20.89 4.72 14.61
DS11-33121 26 66.04 29.4 1977.15 5.93 35.22 20.53 4.55 13.93
DS11-33166 26 66.04 33.3 2239.43 5.78 32.81 21.43 4.78 12.83
DS11-33168 27 68.58 32.5 2185.63 5.89 34.39 19.96 4.76 12.15
DS11-33170 34 86.36 33.1 2225.98 6.56 34.38 19.73 4.72 12.69
DS11-33189 32 81.28 44.6 2999.35 6.64 34.02 19.03 4.84 11.46
DS11-33190 34 86.36 40.6 2730.35 6.44 32.17 21.15 4.78 14.59
LG94-1906 30 76.2 45.3 3046.43 6.32 33.88 20.29 4.74 14.36
DS11-34002 36 91.44 37.1 2494.98 6.33 32.3 19.76 5 12.2
DS11-34023 38 96.52 49.5 3328.88 6.13 32.72 20.94 4.78 13.93
DS11-34035 35 88.9 38 2555.5 6.01 31.51 20.62 4.91 13.52
DS11-34041 39 99.06 42.7 2871.58 5.82 33.82 20.42 4.79 12.6
DS11-34060 34 86.36 50.6 3402.85 6.65 33.68 19.87 4.76 15.96
DS11-34070 36 91.44 48.5 3261.63 6.48 30.57 20.9 4.97 14.39
DS11-34081 30 76.2 54.2 3644.95 7.09 32.85 20.36 4.82 15.99
DS11-34082 29 73.66 38.4 2582.4 6.68 31.81 21.81 4.73 15.85
DS11-34103 35 88.9 36.5 2454.63 6.47 31.36 20.84 4.9 15.1
DS11-34106 30 76.2 40 2690 6.39 31.56 20.73 4.97 12.55
DS11-34117 39 99.06 35.9 2414.28 6.32 33.86 19.25 4.9 11.71
DS11-34009 29 73.66 27.4 1842.65 6.15 31.87 20.35 5.02 12.69
DS11-34119 36 91.44 43.7 2938.83 6.1 34.01 20.25 4.76 14.82
DS11-34126 32 81.28 34 2286.5 6.58 35.1 20.41 4.55 14.7
DS11-34132 35 88.9 42.5 2858.13 6.56 33.13 20.52 4.84 13.12
DS11-34135 32 81.28 35.7 2400.83 6.63 34.54 19.9 4.69 13.35
DS11-34137 28 71.12 40.8 2743.8 6.41 32.14 20.85 4.85 15.02
DS11-34138 37 93.98 39 2622.75 6.66 33.46 19.99 4.86 13.41
DS11-34141 34 86.36 41.5 2790.88 6.45 31.8 19.73 5.01 13.41
DS11-34142 30 76.2 30.9 2078.03 6.55 33.47 19.8 4.86 13.41
DS11-34146 32 81.28 50.9 3423.03 6.28 32.55 21.13 4.79 15.13
DS11-34147 29 73.66 43.1 2898.48 6.37 32.8 20.45 4.78 15.45
DS11-34149 34 86.36 32.5 2185.63 6.45 33.76 20.22 4.74 13.52
DS11-34150 32 81.28 49.2 3308.7 6.23 32.97 19.7 4.88 13.98
DS11-34151 35 88.9 46.8 3147.3 6.06 30.94 21.37 4.94 13.78
DS11-34152 33 83.82 39.2 2636.2 6.13 33.12 20.62 4.82 12.15
DS11-34157 31 78.74 30 2017.5 6.05 33.23 20.86 4.75 13.31
DS11-34160 31 78.74 37.4 2515.15 6.21 33.35 20.62 4.78 15.1
DS11-34161 34 86.36 50.8 3416.3 5.99 33.23 21.25 4.71 13.93
DS11-34162 39 99.06 47.6 3201.1 6 33.19 20.52 4.8 15.67
DS11-34164 33 83.82 36 2421 5.85 32.43 21.15 4.78 14.01
DS11-34165 34 86.36 44.8 3012.8 6 33.98 19.23 4.86 14.59
LG97-7012 32 81.28 40.4 2716.9 6.31 34.09 20.45 4.72 17.06
DS11-36002 24 60.96 35.2 2367.2 6.33 34.84 21.11 4.5 17.49
DS11-36005 22 55.88 29.9 2010.78 6.51 35.34 20.66 4.47 16.05
DS11-36008 36 91.44 44.9 3019.53 6.21 32.74 20.56 4.79 16.25
DS11-36010 33 83.82 22.7 1526.58 6.39 34.53 19.81 4.76 15.62
DS11-36011 32 81.28 30.2 2030.95 6.21 32.91 20.86 4.78 15.73
DS11-36014 25 63.5 38.4 2582.4 6.34 36.1 19.94 4.52 20.76
DS11-36015 34 86.36 37.4 2515.15 6.26 33.08 21.24 4.7 14.96
DS11-36016 32 81.28 36.9 2481.53 6.27 33.75 20.32 4.73 17.29
DS11-36020 28 71.12 44.3 2979.18 6.19 33.85 20.73 4.68 15.56
DS11-36024 31 78.74 27.7 1862.83 6.1 34.27 20.15 4.72 14.93
DS11-36028 27 68.58 43.4 2918.65 6.27 35.24 20.14 4.6 16.83
DS11-36031 20 50.8 32.2 2165.45 6.2 34.4 20.42 4.64 18.09
DS11-36035 32 81.28 34.2 2299.95 6.04 34.97 20.3 4.63 16.83
DS11-36036 32 81.28 38.8 2609.3 6.24 34.9 20.44 4.58 16.51
DS11-36037 23 58.42 33.1 2225.98 6.39 34.4 20.78 4.66 15.28
DS11-36039 33 83.82 41.5 2790.88 6.61 35.19 20.33 4.58 16.31
DS11-36043 27 68.58 37.4 2515.15 6.75 36.12 19.97 4.5 17.31
DS11-36045 33 83.82 39.5 2656.38 7.09 34.26 20.39 4.66 16.42
DS11-36047 32 81.28 29.9 2010.78 6.71 34.6 20.66 4.59 15.33
DS11-36055 26 66.04 26.4 1775.4 6.73 35.66 20.65 4.49 15.39
DS11-36085 34 86.36 42.4 2851.4 6.49 33.55 21.18 4.66 16.19
DS11-36091 29 73.66 31.2 2098.2 6.52 34.66 20.9 4.54 16.37
DS11-36092 35 88.9 36.3 2441.18 6.43 34.76 21.18 4.48 17.31
DS11-36096 30 76.2 36.3 2441.18 6.56 35.48 20.05 4.55 15.28
DS11-36106 36 91.44 36.7 2468.08 6.23 34.02 20.77 4.63 14.79
DS11-36107 41 104.14 41 2757.25 6.09 33.94 20.06 4.76 17.66
DS11-36108 25 63.5 30.9 2078.03 6.39 33.47 20.59 4.7 13.61
DS11-36111 27 68.58 27 1815.75 6.08 34.45 20.41 4.66 15.02
DS11-36120 22 55.88 28.4 1909.9 6.54 34.26 20.79 4.59 15.48
DS11-36127 32 81.28 32.3 2172.18 6.62 33.39 20.49 4.74 14.64
DS11-36135 33 83.82 37.7 2535.33 6.67 34.95 20.09 4.62 15.25
DS11-36137 33 83.82 37.7 2535.33 6.67 33.8 20.57 4.69 15.16
DS11-36152 21 53.34 29.2 1963.7 6.65 35.11 20.02 4.62 17.51
DS11-36153 31 78.74 30.7 2064.58 6.61 34.33 20.85 4.57 17.69
DS11-36155 29 73.66 35.3 2373.93 6.62 35.37 19.48 4.64 16.4
LG98-1605 37 93.98 59.2 3981.2 6.26 33.53 20.64 4.71 14.24
DS11-37061 30 76.2 39.6 2663.1 6.27 32.59 20.95 4.8 14.1
DS11-37062 28 71.12 35.4 2380.65 6.73 34.74 20.62 4.58 15.39
DS11-37016 32 81.28 43.1 2898.48 6.05 32.29 21.29 4.76 13.72
DS11-37064 27 68.58 30.5 2051.13 5.98 32.75 21.14 4.75 13.21
DS11-37065 33 83.82 58.6 3940.85 6.02 33.55 20.02 4.79 16.88
DS11-37067 35 88.9 42.8 2878.3 6.36 33.17 19.63 4.93 15.13
DS11-37068 42 106.68 44.8 3012.8 6.69 33.29 20.28 4.77 16.19
DS11-37075 36 91.44 47.9 3221.28 6.75 32.95 19.97 4.84 13.18
DS11-37077 37 93.98 58.6 3940.85 7.69 33.89 19.48 4.81 16.05
DS11-37081 29 73.66 32.7 2199.08 6.48 34.67 20.96 4.53 13.9
DS11-37083 38 96.52 52.2 3510.45 6.75 32.4 20.1 4.85 14.3
DS11-37084 37 93.98 59.7 4014.83 6.58 31.05 20.64 4.96 14.21
DS11-37086 35 88.9 54.1 3638.23 6.33 32.33 20.8 4.83 14.59
DS11-37087 31 78.74 40.3 2710.18 6.65 33.54 21.03 4.62 16.77
DS11-37088 28 71.12 39.4 2649.65 6.65 34.48 20.47 4.63 13.01
DS11-37089 32 81.28 34.9 2347.03 6.26 35.03 20.51 4.56 13.84
DS11-37090 43 109.22 59.2 3981.2 6.18 30.3 21.04 5.06 13.27
DS11-37092 39 99.06 51.1 3436.48 6.29 34.49 20.25 4.64 19.11
DS11-37095 38 96.52 45 3026.25 6.14 31.85 20.68 4.9 13.38
DS11-37097 30 76.2 49.5 3328.88 6.12 34.09 20.84 4.63 13.67
DS11-37099 40 101.6 56.8 3819.8 6.01 31.74 20.98 4.88 13.72
DS11-37100 29 73.66 47.2 3174.2 6.1 32.13 20.49 4.9 13.67
DS11-37040 32 81.28 45.9 3086.78 6.48 34.39 19.59 4.78 14.5
DS11-37131 24 60.96 39.1 2629.48 6.16 35.29 20.07 4.61 17.97
DS11-37142 32 81.28 38 2555.5 6.06 34.04 20.6 4.69 14.01
DS11-37145 30 76.2 37.6 2528.6 6.1 33.17 20.35 4.88 12.66
DS11-37150 28 71.12 34.9 2347.03 5.98 33.65 21.01 4.68 16.57
DS11-37153 27 68.58 38.1 2562.23 6.26 35.13 20.13 4.61 15.48
DS11-37154 31 78.74 38 2555.5 6.23 34.28 20.94 4.59 12.95
DS11-37155 40 101.6 42.5 2858.13 6.46 33.96 19.25 4.9 13.09
DS11-37156 27 68.58 32.7 2199.08 6.44 35.04 20.72 4.54 15.68
DS11-37160 32 81.28 40.4 2716.9 6.63 33.51 20.9 4.68 16.65
LG00-3372 28 71.12 34.6 2326.85 6.44 35.13 18.87 4.74 13.7
DS11-38001 40 101.6 39.9 2683.28 6.34 33.22 19.74 4.89 10.65
DS11-38002 34 86.36 37.4 2515.15 6.96 34.69 19.1 4.8 14.33
DS11-38003 34 86.36 31.1 2091.48 6.45 33.53 19.71 4.84 12.55
DS11-38005 34 86.36 39.8 2676.55 6.28 32.45 20.56 4.84 16.14
DS11-38006 29 73.66 38.9 2616.03 6.4 34.89 19.64 4.67 14.44
DS11-38008 30 76.2 30 2017.5 6.33 32.38 20.32 4.87 13.61
DS11-38009 33 83.82 42.2 2837.95 6.3 32.54 20.09 4.9 15.1
DS11-38010 32 81.28 34.7 2333.58 6.29 33.57 19.9 4.81 13.5
DS11-38011 38 96.52 47.3 3180.93 6.57 33.15 20.06 4.81 14.73
DS11-38013 30 76.2 30.4 2044.4 6.3 33.79 19.55 4.85 12.66
DS11-38014 31 78.74 36.6 2461.35 6.16 32.84 20.4 4.8 14.61
DS11-38015 32 81.28 33 2219.25 6.27 36.03 19.05 4.62 15.71
DS11-38016 32 81.28 41.1 2763.98 6.14 34.33 19.9 4.71 13.58
DS11-38017 34 86.36 39.5 2656.38 6.12 31.59 20.35 4.98 13.67
DS11-38018 44 111.76 46 3093.5 6.28 32.55 19.96 4.89 15.62
DS11-38019 30 76.2 35.2 2367.2 6.23 34.87 19.6 4.7 14.56
DS11-38020 33 83.82 36 2421 6.27 35.61 19.77 4.59 15.19
DS11-38021 33 83.82 37.9 2548.78 6.2 32.04 20.87 4.83 13.24
DS11-38022 31 78.74 37.1 2494.98 6.26 32.68 20.44 4.86 12.92
DS11-38023 31 78.74 36.1 2427.73 6.67 34.51 19.79 4.69 13.5
DS11-38024 33 83.82 32.2 2165.45 6.33 33.97 20.61 4.66 16.08
DS11-38025 36 91.44 41.6 2797.6 6.38 33.65 20.61 4.71 14.18
DS11-38026 33 83.82 40 2690 6.49 33.25 20.35 4.77 16.28
DS11-38028 35 88.9 43.1 2898.48 6.37 32.46 20.37 4.87 14.5
DS11-38030 34 86.36 46.8 3147.3 6.48 34.01 20.02 4.75 13.38
DS11-38032 36 91.44 47.1 3167.48 6.46 32.64 20.66 4.78 15.33
DS11-38033 33 83.82 31.9 2145.28 6.38 33.93 20.02 4.77 14.64
DS11-38034 31 78.74 36.1 2427.73 6.52 35.01 19.5 4.67 11.74
DS11-38035 39 99.06 48.9 3288.53 6.44 32.7 20.45 4.79 16.97
DS11-38036 36 91.44 38.3 2575.68 6.48 34.18 19.92 4.72 13.75
DS11-38037 37 93.98 46.9 3154.03 6.52 33.78 20.36 4.69 16.28
DS11-38038 33 83.82 37.2 2501.7 6.44 32.73 20.27 4.82 13.32
DS11-38040 38 96.52 34 2286.5 6.31 33.22 20.18 4.85 12.17
LG04-6000 33 83.82 55.7 3745.83 6.35 32.08 19.21 5.05 13.72
DS11-39128 33 83.82 48.8 3281.8 6.48 31.31 20.35 4.93 15.73
DS11-39130 38 96.52 45.2 3039.7 6.26 30.51 20.57 5.04 13.81
DS11-39131 34 86.36 49.1 3301.98 6.3 31.01 20.84 4.92 16.74
DS11-39132 36 91.44 46.2 3106.95 6.27 30.96 20.11 5.05 13.52
DS11-39134 33 83.82 48.5 3261.63 6.22 31.95 20.49 4.94 13.47
DS11-39135 30 76.2 51.2 3443.2 6.32 30.25 21.26 4.91 16.14
DS11-39136 34 86.36 45.4 3053.15 6.25 31.99 19.97 5 13.47
DS11-39140 36 91.44 54.4 3658.4 6.14 29.64 21.24 5.04 14.87
DS11-39141 28 71.12 40.7 2737.08 6.21 31.69 20.45 4.95 14.99
DS11-39144 40 101.6 51 3429.75 6.7 32.91 20.01 4.79 15.71
DS11-39146 37 93.98 55.5 3732.38 6.24 31.79 20.53 4.86 15.59
DS11-39148 34 86.36 50.3 3382.68 6.13 29.94 21.15 5.01 14.21
DS11-39149 34 86.36 61.9 4162.78 6.18 30.61 19.98 5.09 15.28
DS11-39150 32 81.28 55.5 3732.38 6.04 31.66 20.14 4.98 16.19
DS11-39152 34 86.36 58.9 3961.03 5.96 29.1 20.68 5.18 15.3
DS11-39154 34 86.36 54.8 3685.3 6.02 30.28 20.29 5.07 16.19
DS11-39155 26 66.04 42.3 2844.68 6.05 32.64 20.65 4.81 15.36
DS11-39157 32 81.28 42.6 2864.85 6.7 31.39 20.45 4.87 16.88
DS11-39159 32 81.28 53.5 3597.88 6.83 29.9 21.01 4.91 16.02
DS11-39162 32 81.28 44.2 2972.45 6.76 32.47 20.41 4.83 14.99
DS11-39163 33 83.82 44 2959 6.82 32.15 20.07 4.91 14.27
DS11-39164 36 91.44 47.5 3194.38 6.88 32.41 19.52 4.99 12.6
DS11-39165 34 86.36 50.6 3402.85 6.89 30.93 20.56 4.97 15.02
DS11-39166 36 91.44 56.9 3826.53 6.92 32.19 20.46 4.79 17.03
PI398881 30 76.2 45.8 3080.05 6.55 30.51 20.96 4.96 13.64
DS11-40003 32 81.28 29.2 1963.7 6.46 30.29 21.48 4.94 12.32
DS11-40004 29 73.66 33.3 2239.43 6.29 28.43 21.67 5.07 12.89
DS11-40007 30 76.2 32 2152 6.19 28.72 20.65 5.25 12.17
DS11-40015 31 78.74 28.9 1943.53 6.32 29.84 21.54 4.99 14.24
DS11-40016 29 73.66 33.2 2232.7 6.48 29.13 21.28 5.07 14.7
DS11-40020 21 53.34 24.6 1654.35 6.52 29.21 21.67 4.96 12.86
DS11-40028 31 78.74 31.5 2118.38 6.35 27.8 21.61 5.14 12
DS11-40047 32 81.28 37.7 2535.33 6.43 29.81 21.64 4.95 14.7
DS11-40049 27 68.58 32.7 2199.08 7.11 32.12 20.93 4.83 13.72
DS11-40055 33 83.82 42.1 2831.23 6.44 27.79 21.84 5.09 14.13
DS11-40062 28 71.12 29.4 1977.15 6.42 30.12 20.93 5.03 12.6
DS11-40071 39 99.06 37.8 2542.05 6.42 33.82 20.05 4.78 13.38
DS11-40072 32 81.28 31.8 2138.55 6.36 34.39 20.1 4.72 15.76
DS11-40073 32 81.28 25.2 1694.7 6.19 32.56 21.06 4.77 14.76
DS11-40074 33 83.82 28.3 1903.18 6.36 32.91 19.96 4.93 12.43
DS11-40081 40 101.6 38 2555.5 6.4 35.07 20.02 4.62 14.96
DS11-40083 37 93.98 35.7 2400.83 6.25 32.6 20.46 4.87 12.55
DS11-40087 39 99.06 36.8 2474.8 6.32 34.14 19.79 4.77 15.96
DS11-40088 43 109.22 35.7 2400.83 6.5 34.44 19.74 4.73 14.82
DS11-40089 38 96.52 42 2824.5 6.14 32.88 19.92 4.92 13.81
DS11-40094 38 96.52 37.8 2542.05 6.06 31.74 21.82 4.74 13.12
DS11-40095 36 91.44 35 2353.75 6.2 33.88 19.95 4.79 14.18
DS11-40098 38 96.52 41.3 2777.43 6.26 32.94 20.54 4.77 14.07
DS11-40099 38 96.52 32.4 2178.9 6.04 34.35 20.34 4.69 15.62
DS11-40102 41 104.14 40.9 2750.53 6.29 33.97 19.67 4.79 14.47
DS11-40103 33 83.82 38.6 2595.85 6.13 34.82 20.56 4.59 14.44
DS11-40104 36 91.44 33.6 2259.6 5.99 32.84 20.01 4.97 12.55
DS11-40097 36 91.44 36.7 2468.08 6.45 33.14 20.77 4.75 14.87
DS11-40106 41 104.14 44.3 2979.18 6.75 33.49 20.16 4.77 14.07
DS11-40113 39 99.06 32.8 2205.8 6.91 34.76 19.52 4.72 13.47
DS11-40116 38 96.52 35 2353.75 6.83 34.52 19.62 4.75 14.04
DS11-40119 44 111.76 38.6 2595.85 6.71 31 20.79 4.94 12.6
DS11-40121 38 96.52 41.6 2797.6 6.83 34.29 19.97 4.71 13.21
DS11-40122 34 86.36 36.2 2434.45 7 35.39 19.53 4.65 13.5
DS11-40123 39 99.06 32.1 2158.73 6.9 35.08 19.64 4.68 14.44
PI427136 34 86.36 46.7 3140.58 6.77 35.1 19.69 4.66 16.05
DS11-41030 37 93.98 45.7 3073.33 6.78 35.92 19.93 4.53 15.73
DS11-41037 37 93.98 46.9 3154.03 6.62 33.73 20.19 4.78 14.87
DS11-41122 40 101.6 43.1 2898.48 6.64 33.89 20.01 4.78 13.58
DS11-41011 34 86.36 33.4 2246.15 6.53 31.91 20.98 4.82 15.07
DS11-41126 38 96.52 41.6 2797.6 6.62 34.29 20.23 4.69 14.59
DS11-41129 34 86.36 37.1 2494.98 6.55 34.57 19.62 4.77 14.33
DS11-41134 39 99.06 44.2 2972.45 6.59 34.91 20.52 4.56 18.26
DS11-41135 40 101.6 46.1 3100.23 6.41 33.94 20.04 4.77 12.98
DS11-41136 40 101.6 39.3 2642.93 6.36 32.31 20.75 4.8 13.21
DS11-41137 39 99.06 38 2555.5 6.34 32.97 20.39 4.83 14.24
DS11-41139 42 106.68 45.2 3039.7 6.3 32.96 20.21 4.82 14.96
DS11-41140 38 96.52 39.5 2656.38 6.09 33.66 20.16 4.84 15.96
DS11-41141 42 106.68 37.4 2515.15 6.1 32.71 20.8 4.83 13.32
DS11-41142 45 114.3 35.1 2360.48 5.9 32.6 20.38 4.93 15.07
DS11-41143 37 93.98 44.4 2985.9 6.8 34.9 19.78 4.68 15.79
DS11-41144 40 101.6 42.2 2837.95 6.76 32.99 20.29 4.79 16.08
DS11-41145 38 96.52 39.4 2649.65 6.89 34.91 19.04 4.78 13.27
DS11-41146 36 91.44 38.3 2575.68 6.93 32.8 20.2 4.85 13.04
DS11-41147 45 114.3 46.1 3100.23 6.91 33.22 20.46 4.81 13.72
DS11-41148 34 86.36 38.7 2602.58 6.94 32.93 19.77 4.85 14.7
DS11-41149 33 83.82 36.2 2434.45 6.92 33.03 19.78 4.92 12.58
DS11-41150 36 91.44 52.2 3510.45 7.08 34.57 19.66 4.73 14.82
DS11-41151 38 96.52 39.5 2656.38 7.21 34.28 19.91 4.67 14.39
PI437169B 33 83.82 49.7 3342.33 6.51 35.3 20.12 4.58 17.47
DS11-42042 28 71.12 31.6 2125.1 6.78 34.78 20.62 4.61 19.19
DS11-42043 45 114.3 39.2 2636.2 6.36 32.66 20.91 4.78 17.31
DS11-42047 22 55.88 33.2 2232.7 6.43 32.86 20.96 4.71 14.7
DS11-42051 35 88.9 39.1 2629.48 6.64 35.05 19.27 4.74 15.07
DS11-42052 29 73.66 43.7 2938.83 6.41 32.19 20.85 4.82 16.62
DS11-42054 36 91.44 42.2 2837.95 6.4 34.17 19.94 4.79 13.52
DS11-42055 37 93.98 37.5 2521.88 6.34 33.64 20.33 4.77 15.48
DS11-42058 42 106.68 29.3 1970.43 6.23 33.13 21.04 4.69 17.17
DS11-42059 33 83.82 30.7 2064.58 6.66 34.48 20.1 4.67 15.91
DS11-42024 44 111.76 45.9 3086.78 6.23 33.63 21.1 4.64 15.22
DS11-42068 32 81.28 15.3 1028.93 6.17 34.35 20.69 4.64 15.59
DS11-42071 29 73.66 34 2286.5 5.98 33.81 20.79 4.74 12.4
DS11-42072 37 93.98 55.8 3752.55 6.72 32.35 20.66 4.84 16.91
DS11-42081 29 73.66 28.7 1930.08 6.89 33.28 21.03 4.69 14.96
DS11-42084 29 73.66 39.5 2656.38 6.88 35.88 20.29 4.48 17.51
DS11-42085 44 111.76 52.9 3557.53 6.53 31.28 21.34 4.83 16.71
DS11-42086 34 86.36 32.9 2212.53 6.83 32.79 19.66 5.01 12.95
DS11-42087 27 68.58 17.3 1163.43 6.54 35 20.93 4.52 14.44
DS11-42088 33 83.82 27.8 1869.55 6.91 35.27 20.08 4.61 17.23
DS11-42091 42 106.68 36.9 2481.53 6.5 34.67 20.08 4.68 16.37
DS11-42096 26 66.04 21.5 1445.88 6.26 35.13 21.25 4.46 16.74
DS11-42103 27 68.58 20.1 1351.73 6.81 37.17 20.19 4.35 20.24
DS11-42107 24 60.96 26.8 1802.3 7.45 35.41 20.89 4.49 19.64
DS11-42109 44 111.76 35.1 2360.48 6.93 33.56 19.76 4.82 18.26
DS11-42005 45 114.3 33.4 2246.15 6.86 33.71 20.36 4.71 16.42
DS11-42122 37 93.98 28.9 1943.53 7.3 36.43 19.21 4.56 18.63
DS11-42124 32 81.28 29 1950.25 6.83 35.85 19.56 4.61 13.04
PI518751 38 96.52 64.6 4344.35 6.57 31.49 20.67 4.87 14.1
DS11-48083 32 81.28 35 2353.75 6.65 32.56 20.71 4.83 13.47
DS11-48084 33 83.82 32.7 2199.08 6.47 33.01 20.73 4.78 14.39
DS11-48085 32 81.28 34.2 2299.95 6.95 33.22 20.4 4.75 15.48
DS11-48098 28 71.12 28.8 1936.8 7.03 31.68 21.55 4.69 16.22
DS11-48099 27 68.58 34.9 2347.03 6.76 32.55 20.95 4.71 13.78
DS11-48100 24 60.96 23.8 1600.55 6.74 34.06 21.21 4.57 13.06
DS11-48102 24 60.96 38.2 2568.95 6.84 33.76 19.78 4.76 13.9
DS11-48107 21 53.34 28 1883 6.66 31.3 22.08 4.69 13.15
DS11-48108 28 71.12 33.4 2246.15 6.79 34.85 20.4 4.57 15.28
DS11-48110 32 81.28 32.7 2199.08 6.77 32.79 20.45 4.77 14.39
DS11-48120 23 58.42 29.7 1997.33 6.78 33.9 20.98 4.61 14.41
DS11-48122 28 71.12 22.2 1492.95 6.69 33.54 20.49 4.71 13.52
DS11-48126 28 71.12 43.3 2911.93 6.61 33.21 20.72 4.72 15.28
DS11-48127 30 76.2 40.2 2703.45 6.4 32.86 20.46 4.83 13.95
DS11-48128 27 68.58 31.2 2098.2 6.25 34 20.82 4.64 15.42
DS11-48132 22 55.88 31.8 2138.55 6.61 34.59 20.78 4.57 13.47
DS11-48134 23 58.42 31.6 2125.1 6.53 34.75 20.57 4.6 11.66
DS11-48135 31 78.74 36.5 2454.63 6.68 34.98 19.29 4.72 13.04
DS11-48136 21 53.34 27.9 1876.28 6.62 32.27 21.05 4.77 15.73
DS11-48137 25 63.5 28.4 1909.9 6.46 33.67 21.32 4.59 14.36
DS11-48144 21 53.34 19.1 1284.48 6.58 33.15 20.08 4.84 11.49
DS11-48147 29 73.66 35.8 2407.55 6.56 34.66 20.4 4.61 15.05
DS11-48153 23 58.42 34.9 2347.03 6.44 33 21.31 4.64 16.6
DS11-48154 24 60.96 26.5 1782.13 6.34 33.3 21.85 4.6 15.25
DS11-48155 24 60.96 24.3 1634.18 6.4 32.12 20.75 4.89 12.66
DS11-48158 31 78.74 26.4 1775.4 6.3 32.89 20.27 4.83 12.52
DS11-48160 21 53.34 23.9 1607.28 6.23 33.3 21.11 4.72 13.64
DS11-48113 25 63.5 22.4 1506.4 6.38 32.7 20.73 4.8 12.35
DS11-48165 27 68.58 32.3 2172.18 6.21 34.53 21.06 4.55 13.21
DS11-48168 31 78.74 28.2 1896.45 6.25 33.3 20.09 4.93 11.28
DS11-48169 27 68.58 36.6 2461.35 6.15 32.83 21.42 4.68 16.94
DS11-48170 28 71.12 31.2 2098.2 6.25 33.63 21.04 4.62 14.76
DS11-48174 27 68.58 38 2555.5 6.24 34.53 20.49 4.61 14.93
PI561370 32 81.28 52.4 3523.9 6.62 35.42 19.83 4.61 16.8
DS11-50050 21 53.34 22.9 1540.03 6.74 36.94 19.27 4.5 14.44
DS11-50143 27 68.58 25.1 1687.98 6.59 32.91 21.06 4.72 13.75
DS11-50144 25 63.5 32.2 2165.45 6.61 34.83 20.48 4.59 16.74
DS11-50145 26 66.04 29.4 1977.15 6.66 33.9 20.54 4.67 16.08
DS11-50151 20 50.8 13.1 880.98 6.59 35.1 20.37 4.57 16.14
DS11-50153 25 63.5 35.3 2373.93 6.5 33.1 20.77 4.75 17.57
DS11-50156 29 73.66 32.2 2165.45 6.37 32.81 21.28 4.73 15.42
DS11-50158 33 83.82 30.6 2057.85 6.74 33.34 20.78 4.7 15.85
DS11-50159 22 55.88 26.2 1761.95 6.43 35.11 21.19 4.47 19.28
DS11-50160 28 71.12 38.2 2568.95 6.35 34.5 20.72 4.63 14.64
DS11-50163 34 86.36 37.5 2521.88 6.29 31.28 21.08 4.91 16.62
DS11-50164 28 71.12 34.8 2340.3 6.24 29.86 21.85 4.88 15.36
DS11-50165 24 60.96 27.5 1849.38 6.24 34.43 20.78 4.6 15.68
DS11-50166 28 71.12 35 2353.75 6.57 37.27 19.69 4.47 21.66
DS11-50176 25 63.5 22.9 1540.03 6.74 32.06 21.15 4.81 15.76
DS11-50185 26 66.04 36.1 2427.73 6.91 34.97 20.74 4.52 17.6
DS11-50190 30 76.2 32.3 2172.18 7.07 34.88 19.88 4.67 13.44
DS11-50193 30 76.2 31.1 2091.48 6.86 36.08 19.87 4.52 18.58
DS11-50200 32 81.28 30 2017.5 6.56 32.94 20.92 4.74 13.64
DS11-50202 29 73.66 30.6 2057.85 6.54 34.31 20.79 4.61 16.77
DS11-50211 28 71.12 26 1748.5 6.6 34.81 20.31 4.6 16.05
DS11-50219 28 71.12 26.8 1802.3 6.37 32.91 21 4.78 13.75
DS11-50234 26 66.04 22.8 1533.3 6.27 33.5 20.56 4.75 15.76
DS11-50246 25 63.5 29.1 1956.98 6.5 35.78 19.99 4.54 17.14
DS11-50259 25 63.5 17.6 1183.6 6.59 35.57 20.23 4.55 14.07
DS11-50267 27 68.58 23.7 1593.83 6.91 37.34 19.45 4.39 15.07
DS11-50295 28 71.12 24.7 1661.08 6.75 33.31 20.72 4.73 15.76
DS11-50301 28 71.12 27.5 1849.38 6.89 32.84 21.08 4.75 14.59
DS11-50308 30 76.2 30.4 2044.4 6.91 33.78 20.27 4.73 14.47
DS11-50316 28 71.12 18.1 1217.23 6.86 34.22 20.94 4.58 15.96
DS11-50320 25 63.5 20.9 1405.53 6.88 36.49 20.3 4.42 16.74
DS11-50321 29 73.66 16.5 1109.63 6.7 34.71 20.78 4.58 16.4
DS11-50322 27 68.58 22 1479.5 6.91 34.83 20.49 4.58 14.96
PI404188A 34 86.36 47.5 3194.38 6.48 33.49 20.15 4.83 13.01
DS11-54004 37 93.98 40.2 2703.45 6.56 33.5 20.05 4.85 13.12
DS11-54005 43 109.22 43.1 2898.48 6.39 33.51 20.24 4.78 15.22
DS11-54006 32 81.28 35.9 2414.28 6.25 32.61 20.39 4.87 15.42
DS11-54007 38 96.52 41.6 2797.6 6.24 33.08 20.08 4.89 12.95
DS11-54008 38 96.52 45.5 3059.88 6.21 32.97 20.1 4.84 14.79
DS11-54009 35 88.9 46.5 3127.13 6.53 35.24 19.74 4.66 15.3
DS11-54010 38 96.52 38.1 2562.23 6.53 31.69 20.53 4.92 13.32
DS11-54011 34 86.36 39.1 2629.48 6.54 32.27 20.19 4.95 13.72
DS11-54012 37 93.98 36.7 2468.08 6.5 32.13 20.6 4.91 13.9
DS11-54013 35 88.9 36.1 2427.73 6.57 33.72 20.3 4.75 15.5
DS11-54014 37 93.98 37.6 2528.6 6.55 32.65 20.34 4.89 12.98
DS11-54015 36 91.44 43.6 2932.1 6.58 32.99 20.56 4.76 17.93
DS11-54016 33 83.82 30.9 2078.03 6.61 32.09 20.45 4.89 14.67
DS11-54017 37 93.98 55 3698.75 6.48 31.56 20.95 4.87 14.73
DS11-54020 40 101.6 42.7 2871.58 6.54 33.57 19.99 4.79 14.18
DS11-54021 38 96.52 45.5 3059.88 6.62 31.19 20.88 4.91 16.02
DS11-54022 40 101.6 39.7 2669.83 6.55 33.89 19.04 4.9 13.47
DS11-54023 37 93.98 38.9 2616.03 6.62 32.31 20.42 4.86 14.87
DS11-54024 37 93.98 37.8 2542.05 6.6 31.65 20.38 5 12.26
DS11-54026 36 91.44 42.9 2885.03 6.89 32.28 20.16 4.9 12.52
DS11-54035 38 96.52 39.3 2642.93 6.43 32.73 19.7 4.94 12.63
DS11-54036 42 106.68 42.8 2878.3 6.12 32.15 20.89 4.82 17.66
DS11-54038 37 93.98 36 2421 6.41 32.54 20.65 4.79 13.58
DS11-54044 32 81.28 41.2 2770.7 6.66 32.04 20.32 4.93 14.87
DS11-54047 40 101.6 43.2 2905.2 6.86 33.69 19.97 4.78 14.21
DS11-54048 36 91.44 46.7 3140.58 6.79 34.15 19.53 4.79 12.95
DS11-54050 32 81.28 29.2 1963.7 6.82 32.68 19.73 4.96 10.8
DS11-54057 33 83.82 34.1 2293.23 6.88 35.03 18.5 4.78 12.72
DS11-54060 31 78.74 39.1 2629.48 6.63 34.34 18.9 4.83 16.97
DS11-54064 35 88.9 44.6 2999.35 6.68 32.52 20.24 4.85 15.25
DS11-54065 35 88.9 40 2690 6.6 34.37 19.32 4.76 14.04
DS11-54066 39 99.06 42.5 2858.13 6.64 35.12 19.59 4.68 16.14
DS11-54067 42 106.68 40.7 2737.08 6.57 32.23 19.82 4.97 14.07
DS11-54073 33 83.82 37 2488.25 6.37 32.28 21.02 4.78 12.83
PI574486 29 73.66 51.8 3483.55 7.17 30.13 20.7 4.95 19.67
DS11-64061 30 76.2 35.7 2400.83 6.84 29.47 21.86 4.9 18.09
DS11-64064 33 83.82 40.2 2703.45 6.9 29.48 21.78 4.93 18.86
DS11-64066 30 76.2 30 2017.5 6.86 30.78 21.06 4.94 17.34
DS11-64070 37 93.98 43.3 2911.93 6.91 29.78 21.04 5.01 15.99
DS11-64073 30 76.2 35.7 2400.83 6.64 28.93 22.28 4.92 16.54
DS11-64081 31 78.74 35.5 2387.38 7.07 29.59 21.37 4.95 18.4
DS11-64084 27 68.58 35.2 2367.2 6.98 31.04 21.81 4.81 16.8
DS11-64091 29 73.66 39.5 2656.38 7.35 28.62 21.74 4.98 14.9
DS11-64095 32 81.28 40.8 2743.8 7.09 30.94 21.56 4.81 18.32
DS11-64099 27 68.58 32.2 2165.45 7.12 29.64 21.95 4.87 17.97
DS11-64103 28 71.12 36.6 2461.35 7.11 30.41 21.08 4.92 17.54
DS11-64104 25 63.5 21.4 1439.15 7.04 30.9 21.9 4.8 16.14
DS11-64115 31 78.74 31.4 2111.65 7.13 30.2 21.47 4.9 16.42
DS11-64131 32 81.28 36.5 2454.63 6.46 30.49 22.2 4.75 18.95
DS11-64132 33 83.82 35.4 2380.65 6.65 33.68 19.93 4.81 16.19
DS11-64005 40 101.6 41.3 2777.43 6.71 30.25 20.81 5.06 16.8
DS11-64136 23 58.42 15.3 1028.93 6.66 32.02 21.38 4.75 16.85
DS11-64138 29 73.66 31.6 2125.1 6.84 32.2 20.88 4.79 15.73
DS11-64139 28 71.12 28.1 1889.73 6.73 29.97 21.6 4.9 16.02
DS11-64140 22 55.88 17.8 1197.05 6.72 31.43 21.42 4.78 16.88
DS11-64144 34 86.36 40.9 2750.53 6.66 30.76 21.06 4.95 16.71
DS11-64148 28 71.12 34.8 2340.3 6.79 31.21 21.25 4.86 18.98
DS11-64150 33 83.82 35 2353.75 7.07 31.26 21.46 4.8 15.79
DS11-64158 29 73.66 33.6 2259.6 6.7 31.07 21.61 4.76 17.8
DS11-64161 23 58.42 31.1 2091.48 6.67 30 21.86 4.83 17.57
DS11-64162 28 71.12 34.3 2306.68 6.62 31.88 21.25 4.72 21.36
DS11-64163 32 81.28 37.8 2542.05 6.67 31.02 21.32 4.89 16.51
DS11-64165 29 73.66 41.9 2817.78 6.68 31.71 20.85 4.82 19.18
DS11-64167 32 81.28 34.7 2333.58 6.41 29.74 22.36 4.8 15.36
DS11-64169 26 66.04 23.9 1607.28 6.69 33.69 20.48 4.72 16.02
DS11-64171 33 83.82 40.3 2710.18 6.85 29.86 21.49 4.88 18.66
DS11-64172 25 63.5 26.5 1782.13 6.3 31.89 22.02 4.72 17.51
DS11-64174 28 71.12 34.4 2313.4 6.57 32.51 20.72 4.79 19.41
DS11-64175 31 78.74 33.6 2259.6 6.26 32.82 21.32 4.72 17.97
